0.000000000000000000e+00
7.152557373046875000e-07
5.914092063903808594e-02
9.017872810363769531e-02
1.185474395751953125e-01
1.538026332855224609e-01
1.853730678558349609e-01
2.185630798339843750e-01
2.600617408752441406e-01
2.931737899780273438e-01
3.319449424743652344e-01
3.625144958496093750e-01
4.093232154846191406e-01
4.370253086090087891e-01
4.682843685150146484e-01
5.104711055755615234e-01
5.456824302673339844e-01
5.733373165130615234e-01
6.035523414611816406e-01
6.319556236267089844e-01
6.624155044555664062e-01
6.960046291351318359e-01
7.389276027679443359e-01
7.785379886627197266e-01
8.212287425994873047e-01
8.665845394134521484e-01
9.255795478820800781e-01
9.781873226165771484e-01
1.006875038146972656e+00
1.035294532775878906e+00
1.075601816177368164e+00
1.109080553054809570e+00
1.137952089309692383e+00
1.163620233535766602e+00
1.189704656600952148e+00
1.220385551452636719e+00
1.258250713348388672e+00
1.291004657745361328e+00
1.319834947586059570e+00
1.358137369155883789e+00
1.386759996414184570e+00
1.419424295425415039e+00
1.446377515792846680e+00
1.474282741546630859e+00
1.505554199218750000e+00
1.535531997680664062e+00
1.570024013519287109e+00
1.604378700256347656e+00
1.634996891021728516e+00
1.665649414062500000e+00
1.691113710403442383e+00
1.727037668228149414e+00
1.762942552566528320e+00
1.808268547058105469e+00
1.837101936340332031e+00
1.863549470901489258e+00
1.889297723770141602e+00
1.919324874877929688e+00
1.952629804611206055e+00
1.980402469635009766e+00
2.010151386260986328e+00
2.052091598510742188e+00
2.079023838043212891e+00
2.106192827224731445e+00
2.134780168533325195e+00
2.173170804977416992e+00
2.205269098281860352e+00
2.248310327529907227e+00
2.293300867080688477e+00
2.322175741195678711e+00
2.351239442825317383e+00
2.376784324645996094e+00
2.404819488525390625e+00
2.433845281600952148e+00
2.469299316406250000e+00
2.500241041183471680e+00
2.545607566833496094e+00
2.575892448425292969e+00
2.609615564346313477e+00
2.646850347518920898e+00
2.673653125762939453e+00
2.714711427688598633e+00
2.759151220321655273e+00
2.787151575088500977e+00
2.828338384628295898e+00
2.855926036834716797e+00
2.887006282806396484e+00
2.914309024810791016e+00
2.939973115921020508e+00
2.973538637161254883e+00
3.003880500793457031e+00
3.042927503585815430e+00
3.072958946228027344e+00
3.108214616775512695e+00
3.141927003860473633e+00
3.181660175323486328e+00
3.229682683944702148e+00
3.272546052932739258e+00
3.323366880416870117e+00
3.352985858917236328e+00
3.377122163772583008e+00
3.406577110290527344e+00
3.439843177795410156e+00
3.469630241394042969e+00
3.499705553054809570e+00
3.528184890747070312e+00
3.556371450424194336e+00
3.585745096206665039e+00
3.618019819259643555e+00
3.659780502319335938e+00
3.696153640747070312e+00
3.723579883575439453e+00
3.753144025802612305e+00
3.782140731811523438e+00
3.807556867599487305e+00
3.839261531829833984e+00
3.868659019470214844e+00
3.894011974334716797e+00
3.922771692276000977e+00
3.951952695846557617e+00
3.980221509933471680e+00
4.008579969406127930e+00
4.041536808013916016e+00
4.072283267974853516e+00
4.102667570114135742e+00
4.134314298629760742e+00
4.175876140594482422e+00
4.204317569732666016e+00
4.237196922302246094e+00
4.266114473342895508e+00
4.306228160858154297e+00
4.335985898971557617e+00
4.373571157455444336e+00
4.417519092559814453e+00
4.467995405197143555e+00
4.505407333374023438e+00
4.534691095352172852e+00
4.561843872070312500e+00
4.589749574661254883e+00
4.617084980010986328e+00
4.643207311630249023e+00
4.690082311630249023e+00
4.732721805572509766e+00
4.767232656478881836e+00
4.807562828063964844e+00
4.853954076766967773e+00
4.897498607635498047e+00
4.935223817825317383e+00
4.978679895401000977e+00
5.032345294952392578e+00
5.072426080703735352e+00
5.112131118774414062e+00
5.159713983535766602e+00
5.207095384597778320e+00
5.243227958679199219e+00
5.289010524749755859e+00
5.328691244125366211e+00
5.374521255493164062e+00
5.427096843719482422e+00
5.470568180084228516e+00
5.527290344238281250e+00
5.574033260345458984e+00
5.633563280105590820e+00
5.676629543304443359e+00
5.715692281723022461e+00
5.752687931060791016e+00
5.787991046905517578e+00
5.825989246368408203e+00
5.857616901397705078e+00
5.907734870910644531e+00
5.948056221008300781e+00
5.977036237716674805e+00
6.028339862823486328e+00
6.072483062744140625e+00
6.107610464096069336e+00
6.140093564987182617e+00
6.172179937362670898e+00
6.209048986434936523e+00
6.239692449569702148e+00
6.271158695220947266e+00
6.308572053909301758e+00
6.341300725936889648e+00
6.373138427734375000e+00
6.407911300659179688e+00
6.461215496063232422e+00
6.497450590133666992e+00
6.541097164154052734e+00
6.572043895721435547e+00
6.605413436889648438e+00
6.638864755630493164e+00
6.674182891845703125e+00
6.723934888839721680e+00
6.759177923202514648e+00
6.790971040725708008e+00
6.836464643478393555e+00
6.870256900787353516e+00
6.909018516540527344e+00
6.943454265594482422e+00
6.970678329467773438e+00
6.997062921524047852e+00
7.022743463516235352e+00
7.051423072814941406e+00
7.088954925537109375e+00
7.118379831314086914e+00
7.148331165313720703e+00
7.173953294754028320e+00
7.201660394668579102e+00
7.228639364242553711e+00
7.266315460205078125e+00
7.311780214309692383e+00
7.355156898498535156e+00
7.393024206161499023e+00
7.420613765716552734e+00
7.447962999343872070e+00
7.474079370498657227e+00
7.503157138824462891e+00
7.537147998809814453e+00
7.567775011062622070e+00
7.597030878067016602e+00
7.629140853881835938e+00
7.666275978088378906e+00
7.692085266113281250e+00
7.723185777664184570e+00
7.754467487335205078e+00
7.786436557769775391e+00
7.819148302078247070e+00
7.855345726013183594e+00
7.885486364364624023e+00
7.913986206054687500e+00
7.957582950592041016e+00
7.997929573059082031e+00
8.038044929504394531e+00
8.066343069076538086e+00
8.109111785888671875e+00
8.140160560607910156e+00
8.168800354003906250e+00
8.196858882904052734e+00
8.228332281112670898e+00
8.264083862304687500e+00
8.311577558517456055e+00
8.341907501220703125e+00
8.372735500335693359e+00
8.402418851852416992e+00
8.435007095336914062e+00
8.482542276382446289e+00
8.530065298080444336e+00
8.569414854049682617e+00
8.601637840270996094e+00
8.646298170089721680e+00
8.676471948623657227e+00
8.723542928695678711e+00
8.763846635818481445e+00
8.789860725402832031e+00
8.830803155899047852e+00
8.868036508560180664e+00
8.897944450378417969e+00
8.930995702743530273e+00
8.969827175140380859e+00
9.016875982284545898e+00
9.064844369888305664e+00
9.110446691513061523e+00
9.138705492019653320e+00
9.166744947433471680e+00
9.196895599365234375e+00
9.237504482269287109e+00
9.274697065353393555e+00
9.306220293045043945e+00
9.334174633026123047e+00
9.360121488571166992e+00
9.391608715057373047e+00
9.422395229339599609e+00
9.455025672912597656e+00
9.484796762466430664e+00
9.513605356216430664e+00
9.539047241210937500e+00
9.568799495697021484e+00
9.617417097091674805e+00
9.646472215652465820e+00
9.686309576034545898e+00
9.724911928176879883e+00
9.760335206985473633e+00
9.797872781753540039e+00
9.838633537292480469e+00
9.868343353271484375e+00
9.899808645248413086e+00
9.944648742675781250e+00
9.971893548965454102e+00
1.000238060951232910e+01
1.003275084495544434e+01
1.005871367454528809e+01
1.010526871681213379e+01
1.013472700119018555e+01
1.016266560554504395e+01
1.020969963073730469e+01
1.023714089393615723e+01
1.027026200294494629e+01
1.030122089385986328e+01
1.034647846221923828e+01
1.039522361755371094e+01
1.043527150154113770e+01
1.047716736793518066e+01
1.050780797004699707e+01
1.053552746772766113e+01
1.056787776947021484e+01
1.060043072700500488e+01
1.062607145309448242e+01
1.066085505485534668e+01
1.069991779327392578e+01
1.074256181716918945e+01
1.076998591423034668e+01
1.081832695007324219e+01
1.084504628181457520e+01
1.087313890457153320e+01
