0.000000000000000000e+00 0.000000000000000000e+00 0.000000000000000000e+00
-5.525461378226188824e-02 -1.192983837529686814e-01 9.997921183827075398e-01
-5.491409927685313858e-02 -1.191020989930998975e-01 9.997903141385702241e-01
-5.387671531981684525e-02 -1.186478590756332024e-01 9.997752094996408267e-01
-5.216327285933189395e-02 -1.181412451044581147e-01 9.997356668695664972e-01
-4.989808560562856293e-02 -1.177331395824875448e-01 9.996268442579328006e-01
-4.725483855396400701e-02 -1.175246029185989943e-01 9.994034909517562904e-01
-4.436110843942611681e-02 -1.174985650503907325e-01 9.990678712640376213e-01
-4.131289117643327513e-02 -1.176348210092515167e-01 9.986226572481068375e-01
-3.817939791060987603e-02 -1.179125740631943448e-01 9.980700594536496828e-01
-3.503203488951606159e-02 -1.183255497546515100e-01 9.974162996122296621e-01
-3.187802820805238357e-02 -1.188520342401219593e-01 9.966598838610429834e-01
-2.872899211417557358e-02 -1.194735479019027741e-01 9.958006896230094940e-01
-2.563210401057724672e-02 -1.201685812812083587e-01 9.948467080178018396e-01
-2.260485354006746411e-02 -1.209185248847942235e-01 9.938026620564877067e-01
-1.964763727935710941e-02 -1.217154554571252267e-01 9.926704582072737315e-01
-1.678847488198978097e-02 -1.225482390493208423e-01 9.914589849036935520e-01
-1.403192882187849835e-02 -1.234107610169774549e-01 9.901734143096903029e-01
-1.138403871080406055e-02 -1.242984913481896964e-01 9.888198245436982114e-01
-8.877820312225805782e-03 -1.252004642694569125e-01 9.874119419274960396e-01
-6.534464597735043997e-03 -1.261028566262739625e-01 9.859629938189641285e-01
-4.244374845144749733e-03 -1.269899317184979837e-01 9.844510466167578633e-01
-1.999263165596898428e-03 -1.278635330743289888e-01 9.828757981627629370e-01
1.271220259458066132e-04 -1.287383831555960756e-01 9.812623583070130273e-01
2.135731260484819566e-03 -1.296170836526852332e-01 9.796163907301577156e-01
3.973649216563094819e-03 -1.304950959055372894e-01 9.779622155120958338e-01
5.693428902964042457e-03 -1.313615468460054558e-01 9.762946334794926351e-01
7.303868708856176700e-03 -1.322107680467186075e-01 9.746191708142762922e-01
8.765226957529483748e-03 -1.330383985062174035e-01 9.729578314663591687e-01
1.009838014774162157e-02 -1.338403234138384468e-01 9.713144517778586895e-01
1.132195409532185150e-02 -1.346111782084328246e-01 9.696933721348375279e-01
1.244192059794721472e-02 -1.353448073814174923e-01 9.681013534659258513e-01
1.349512991948474336e-02 -1.360320665930306039e-01 9.665341719810295329e-01
1.455418271711769046e-02 -1.366735221622127072e-01 9.649710681953178604e-01
1.562375271324325209e-02 -1.372728751928286584e-01 9.634099898729446831e-01
1.667152549422246111e-02 -1.378370121541670212e-01 9.618600018077966274e-01
1.767188657101988192e-02 -1.383647250643619264e-01 9.603297679595274028e-01
1.862350153392247631e-02 -1.388487926081160839e-01 9.588217035621510176e-01
1.955419263441373484e-02 -1.392851530676206540e-01 9.573298022945792018e-01
2.048389099526732107e-02 -1.396756227940736395e-01 9.558484352870612044e-01
2.142438319870236529e-02 -1.400189929720608850e-01 9.543735349309649951e-01
2.240156057382629989e-02 -1.403172759658644630e-01 9.528947878525727555e-01
2.338563156546420371e-02 -1.405763853831706878e-01 9.514170068129992330e-01
2.439123750961079765e-02 -1.407920595101144479e-01 9.499341396214895372e-01
2.546585565074840213e-02 -1.409675808605635461e-01 9.484291553960827459e-01
2.654031729499521999e-02 -1.411019586068462117e-01 9.469164281930830818e-01
2.758682586769815176e-02 -1.411888863625096746e-01 9.454030683670496815e-01
2.865473403021272583e-02 -1.412376090951089624e-01 9.438752851386286169e-01
2.974236100551751194e-02 -1.412518769710790212e-01 9.423318726701525039e-01
3.079240650632944845e-02 -1.412270392831483090e-01 9.407865207694929843e-01
3.174409469025219616e-02 -1.411415394858988037e-01 9.392583267421683590e-01
3.263735256271369650e-02 -1.409865625114507803e-01 9.377419094608298034e-01
3.353405655511663280e-02 -1.407791008996200910e-01 9.362230163005950123e-01
3.445058645527888930e-02 -1.405277124982371728e-01 9.346973260922827320e-01
3.534980177412015701e-02 -1.402304148967674080e-01 9.331751477560367158e-01
3.620750737072615105e-02 -1.398776693504058255e-01 9.316649841435438173e-01
3.702164410748039203e-02 -1.394671133888675807e-01 9.301704671725681273e-01
3.778598832627622084e-02 -1.389962994212930458e-01 9.286978134555216036e-01
3.854335839985206097e-02 -1.384715588403041542e-01 9.272376691064723175e-01
3.929027930805539109e-02 -1.378991414332831345e-01 9.257931400436636427e-01
3.998150789363828089e-02 -1.372764342402140736e-01 9.243817146024088105e-01
4.065965448924968584e-02 -1.366067931260066814e-01 9.229935587154449728e-01
4.137392294246509949e-02 -1.359013708215494609e-01 9.216142484981970640e-01
4.209315713271180592e-02 -1.351671970235788778e-01 9.202534602884793191e-01
4.279124988693312759e-02 -1.344059165544166656e-01 9.189203126256515475e-01
4.347421161269446332e-02 -1.336210830166351948e-01 9.176144274989433969e-01
4.415862665126043390e-02 -1.328178007893252577e-01 9.163323359315040939e-01
4.484075053338233696e-02 -1.320024055041091604e-01 9.150757675426020032e-01
4.548772375298162224e-02 -1.311770269456287719e-01 9.138564749176045776e-01
4.611454196424471380e-02 -1.303442003171751129e-01 9.126721703201443603e-01
4.674200779179666504e-02 -1.295102109192143303e-01 9.115182719205878747e-01
4.735841400672723134e-02 -1.286808864676200204e-01 9.103994726353192846e-01
4.797919924304641648e-02 -1.278591477434838364e-01 9.093118471278572867e-01
4.862585303668498504e-02 -1.270496577567642726e-01 9.082482514357796965e-01
4.929978146538360056e-02 -1.262566684728589905e-01 9.072070649443525481e-01
4.998882645194432234e-02 -1.254836144139255261e-01 9.061895253700809061e-01
5.069646187240543778e-02 -1.247318653818242778e-01 9.051934939854864304e-01
5.141779056161106809e-02 -1.240047389298024050e-01 9.042179993906075408e-01
5.212403612356775184e-02 -1.233032968063918627e-01 9.032697240867139099e-01
5.283257880093531617e-02 -1.226285509010699437e-01 9.023434748710669195e-01
5.354081607984031987e-02 -1.219834064501914561e-01 9.014391540506945244e-01
5.423583775368678167e-02 -1.213696320097244347e-01 9.005592229636756318e-01
5.492344183207396174e-02 -1.207882517628970226e-01 8.997018251324649940e-01
5.559652873728260225e-02 -1.202412071307289998e-01 8.988681295529705739e-01
5.624906325933064222e-02 -1.197294583448959421e-01 8.980595661270613927e-01
5.688578446988692972e-02 -1.192544418818797247e-01 8.972749544533705768e-01
5.750891128493004767e-02 -1.188291038587929310e-01 8.965225907074145795e-01
5.811293480153353896e-02 -1.184568264849283487e-01 8.958059173712445977e-01
5.867407493959619913e-02 -1.181360002510620233e-01 8.951293789481322705e-01
5.919799448307141304e-02 -1.178658371816034278e-01 8.944923694056119423e-01
5.971389488732792294e-02 -1.176370583743757831e-01 8.938868461402733612e-01
6.025001569557422720e-02 -1.174443770449700442e-01 8.933042018754794311e-01
6.080624548908282467e-02 -1.172804902010157885e-01 8.927368784230668153e-01
6.137540473223748044e-02 -1.171450920777002830e-01 8.921858980306917042e-01
6.195059493335790951e-02 -1.170325883587438193e-01 8.916467530606262404e-01
6.252777689915507697e-02 -1.169435116237443478e-01 8.911204868676513291e-01
6.309871653225018751e-02 -1.168753110703917852e-01 8.906057867704165742e-01
6.365839565567882330e-02 -1.168275868686997482e-01 8.901033257332113813e-01
6.421851740085367244e-02 -1.167993563544809654e-01 8.896073442159385669e-01
6.478425740176951830e-02 -1.167901289909634571e-01 8.891143375698689066e-01
6.531999653799722139e-02 -1.167969738019140336e-01 8.886312134136451490e-01
6.579187616044508691e-02 -1.168134561479284711e-01 8.881626448813756403e-01
6.620825712053911294e-02 -1.168397182735483320e-01 8.877064950353208417e-01
6.657980395471276014e-02 -1.168774255808014695e-01 8.872619315715264410e-01
6.691475446511399583e-02 -1.169271423393973136e-01 8.868289023042400521e-01
6.723465558359273397e-02 -1.169909987787654676e-01 8.864040880278746259e-01
6.757366891945795762e-02 -1.170711199136001829e-01 8.859801289176599814e-01
6.795073774808833844e-02 -1.171689051115920588e-01 8.855513161847077264e-01
6.835657838701625355e-02 -1.172830992176597253e-01 8.851177388031772342e-01
6.877637302995798230e-02 -1.174089625012060684e-01 8.846778691676491224e-01
6.920619961479849980e-02 -1.175461791618089002e-01 8.842317308380766017e-01
6.965073693200077298e-02 -1.176953901214260745e-01 8.837767628283397237e-01
7.009480187603150947e-02 -1.178537613313069415e-01 8.833139499897857405e-01
7.050236754838186404e-02 -1.180148031278407117e-01 8.828486989584967137e-01
7.084876367852174783e-02 -1.181722787618487563e-01 8.823837572519197536e-01
7.113834459530615772e-02 -1.183263070400656924e-01 8.819198228954246987e-01
7.138715322798301621e-02 -1.184817686819330529e-01 8.814588583425125856e-01
7.159978206958465818e-02 -1.186381763996905009e-01 8.810027495220191796e-01
7.177991312253725886e-02 -1.187957536796000052e-01 8.805552893816072091e-01
7.193898919835430006e-02 -1.189515894025339471e-01 8.801136597498651071e-01
7.209199025797814742e-02 -1.191066815282922770e-01 8.796752518372739083e-01
7.224633137977502784e-02 -1.192607835620785317e-01 8.792392908933328588e-01
7.239847851237009302e-02 -1.194138419704798559e-01 8.788082382065535159e-01
7.254321941852096001e-02 -1.195624356304932218e-01 8.783811755402172183e-01
7.268185155414713661e-02 -1.197064556027017113e-01 8.779580151899143425e-01
7.281780756669019306e-02 -1.198456674848354386e-01 8.775376460719097604e-01
7.295561245134971062e-02 -1.199816002180324331e-01 8.771191965722756612e-01
7.309867838102671045e-02 -1.201138463527199468e-01 8.767011496930094960e-01
7.324393241217382056e-02 -1.202424752850030643e-01 8.762843804035158612e-01
7.338873086186756267e-02 -1.203676345983456519e-01 8.758706523122490317e-01
7.353382209701896099e-02 -1.204897798471375042e-01 8.754601119473615078e-01
7.368275423778541944e-02 -1.206096781134054358e-01 8.750522157357112363e-01
7.383489017680067157e-02 -1.207256912054218007e-01 8.746453086614726091e-01
7.398631215698171781e-02 -1.208391438898237108e-01 8.742422233577613611e-01
7.413249670699897931e-02 -1.209472053544724535e-01 8.738420309212122650e-01
7.427415596083863925e-02 -1.210495420696270641e-01 8.734444055985494115e-01
7.441173516859658776e-02 -1.211457887443362635e-01 8.730480589135124481e-01
7.454096524122413858e-02 -1.212357807873798293e-01 8.726546062102094048e-01
7.466012431029309115e-02 -1.213179389393496260e-01 8.722641530217282169e-01
7.477214942746414350e-02 -1.213967350050303567e-01 8.718810003660677488e-01
7.487804670116407491e-02 -1.214703662915570248e-01 8.715038360780995585e-01
7.498180953080771372e-02 -1.215397433801304050e-01 8.711327604063376917e-01
7.509835563166479544e-02 -1.216066835931314954e-01 8.707640508337084473e-01
7.524125737441300643e-02 -1.216710457784247329e-01 8.703908433705491721e-01
7.540677021906110056e-02 -1.217340329799611182e-01 8.700146909047939969e-01
7.558890710729956885e-02 -1.217945444915736197e-01 8.696351021358434963e-01
7.579427386620718465e-02 -1.218443947010576789e-01 8.692659230143937599e-01
7.619725805508120731e-02 -1.217518221365481851e-01 8.691618501915243655e-01
7.670888585376270385e-02 -1.214885527053654740e-01 8.693060644060268682e-01
7.725489019692868831e-02 -1.211977721478284392e-01 8.695510350001417477e-01
7.777577482432268541e-02 -1.209515048545634075e-01 8.697429913925408540e-01
7.826110396365595911e-02 -1.207498563420754817e-01 8.698672139994512165e-01
7.870570381386952918e-02 -1.205886219460001046e-01 8.699251162303568430e-01
7.910652431882267410e-02 -1.204637974961611790e-01 8.699189582606215998e-01
7.946679602244846596e-02 -1.203702364028787081e-01 8.698519510996874926e-01
7.979416200552136296e-02 -1.203043051368944127e-01 8.697269398501634718e-01
8.009691149129165300e-02 -1.202630494478365425e-01 8.695464096446294811e-01
8.037427992434657831e-02 -1.202441531784792378e-01 8.693125325508926915e-01
8.061042956655964375e-02 -1.202444782346116514e-01 8.690295262019404054e-01
8.079084212599307868e-02 -1.202610056562543467e-01 8.687027132288417386e-01
8.091691840471207375e-02 -1.202858906421980095e-01 8.683375288259188585e-01
8.099295421224166069e-02 -1.203125435986235336e-01 8.679395118765182993e-01
8.102683207801142373e-02 -1.203421452171040545e-01 8.675131969244664898e-01
8.102592105091982466e-02 -1.203756634530580988e-01 8.670626299159494010e-01
8.099960970135779148e-02 -1.204144249338415518e-01 8.665898814202174227e-01
8.095831798928564138e-02 -1.204602393332237648e-01 8.660946071716074668e-01
8.090100076422740427e-02 -1.205119142307231328e-01 8.655816192385261676e-01
8.081914359666546310e-02 -1.205658251817422061e-01 8.650605088279748056e-01
8.071665384319118286e-02 -1.206222848874344417e-01 8.645344776482372096e-01
8.059969308915287955e-02 -1.206828119523123688e-01 8.640056218379704722e-01
8.046944910056684497e-02 -1.207471824096987972e-01 8.634789808922558318e-01
8.032927592606091405e-02 -1.208154751211754918e-01 8.629575843732022467e-01
8.018412414698378177e-02 -1.208883250907917678e-01 8.624427286430865758e-01
8.003674601997644300e-02 -1.209656354628005359e-01 8.619367141599618698e-01
7.989019562032213806e-02 -1.210474629239298994e-01 8.614407244503344829e-01
