0.000000000000000000e+00 0.000000000000000000e+00 0.000000000000000000e+00
-7.355461740746346844e-03 -4.928828049271395673e-03 8.307033337496673164e-01
-7.355461740746346844e-03 -4.928828049271395673e-03 8.232479849269213057e-01
-7.355461740746346844e-03 -4.928828049271395673e-03 8.173511386597969164e-01
-7.355461740746346844e-03 -4.928828049271395673e-03 8.186673288483052868e-01
-7.355461740746346844e-03 -4.928828049271395673e-03 8.195018211327534940e-01
-7.355461740746346844e-03 -4.928828049271395673e-03 8.199501377203833874e-01
-7.355461740746346844e-03 -4.928828049271395673e-03 8.201877423701223746e-01
-7.355461740746346844e-03 -4.928828049271395673e-03 8.203181197831508342e-01
-7.355461740746346844e-03 -4.928828049271395673e-03 8.203912086100411116e-01
-7.355461740746346844e-03 -4.928828049271395673e-03 8.204326245791039307e-01
-7.355461740746346844e-03 -4.928828049271395673e-03 8.204562256687116806e-01
-7.355461740746346844e-03 -4.928828049271395673e-03 8.204697161559664220e-01
-7.355461740746346844e-03 -4.928828049271395673e-03 8.204774405399545278e-01
-7.355461740746346844e-03 -4.928828049271395673e-03 8.204818676215536177e-01
-7.355461740746346844e-03 -4.928828049271395673e-03 8.204844063034709700e-01
-7.355461740746346844e-03 -4.928828049271395673e-03 8.204858625479799494e-01
-7.355461740746346844e-03 -4.928828049271395673e-03 8.204866980310622226e-01
-7.355461740746346844e-03 -4.928828049271395673e-03 8.204871774170323651e-01
-7.355461740746346844e-03 -4.928828049271395673e-03 8.204874524966248028e-01
-7.355461740746346844e-03 -4.928828049271395673e-03 8.204876103471342441e-01
-7.355461740746346844e-03 -4.928828049271395673e-03 8.204877009291452472e-01
-7.355461740746346844e-03 -4.928828049271395673e-03 8.204877529099166011e-01
-7.355461740746346844e-03 -4.928828049271395673e-03 8.204877827394344569e-01
-7.355461740746346844e-03 -4.928828049271395673e-03 8.204877998573673059e-01
-7.355461740746346844e-03 -4.928828049271395673e-03 8.204878096806652588e-01
-7.355461740746346844e-03 -4.928828049271395673e-03 8.204878153178705169e-01
-7.355461740746346844e-03 -4.928828049271395673e-03 8.204878185528431400e-01
-7.355461740746346844e-03 -4.928828049271395673e-03 8.204878204092691529e-01
-7.355461740746346844e-03 -4.928828049271395673e-03 8.204878214746006426e-01
-7.355461740746346844e-03 -4.928828049271395673e-03 8.204878220859533888e-01
-7.355461740746346844e-03 -4.928828049271395673e-03 8.204878224367850859e-01
-7.355461740746346844e-03 -4.928828049271395673e-03 8.204878226381142614e-01
-7.355461740746346844e-03 -4.928828049271395673e-03 8.204878227536492874e-01
-7.355461740746346844e-03 -4.928828049271395673e-03 8.204878228199503631e-01
-7.355461740746346844e-03 -4.928828049271395673e-03 8.204878228579980393e-01
-7.355461740746346844e-03 -4.928828049271395673e-03 8.204878228798319073e-01
-7.355461740746346844e-03 -4.928828049271395673e-03 8.204878228923616623e-01
-7.355461740746346844e-03 -4.928828049271395673e-03 8.204878228995521328e-01
-7.355461740746346844e-03 -4.928828049271395673e-03 8.204878229036784987e-01
-7.355461740746346844e-03 -4.928828049271395673e-03 8.204878229060464934e-01
-7.355461740746346844e-03 -4.928828049271395673e-03 8.204878229074055174e-01
-7.355461740746346844e-03 -4.928828049271395673e-03 8.204878229081851160e-01
-7.355461740746346844e-03 -4.928828049271395673e-03 8.204878229086326469e-01
-7.355461740746346844e-03 -4.928828049271395673e-03 8.204878229088895525e-01
-7.355461740746346844e-03 -4.928828049271395673e-03 8.204878229090366570e-01
-7.355461740746346844e-03 -4.928828049271395673e-03 8.204878229091211450e-01
-7.355461740746346844e-03 -4.928828049271395673e-03 8.204878229091697728e-01
-7.355461740746346844e-03 -4.928828049271395673e-03 8.204878229091976394e-01
-7.355461740746346844e-03 -4.928828049271395673e-03 8.204878229092135156e-01
-7.355461740746346844e-03 -4.928828049271395673e-03 8.204878229092226194e-01
-7.355461740746346844e-03 -4.928828049271395673e-03 8.204878229092278374e-01
-7.355461740746346844e-03 -4.928828049271395673e-03 8.204878229092307240e-01
-7.355461740746346844e-03 -4.928828049271395673e-03 8.204878229092329445e-01
-7.355461740746346844e-03 -4.928828049271395673e-03 8.204878229092331665e-01
-7.355461740746346844e-03 -4.928828049271395673e-03 8.204878229092331665e-01
-7.355461740746346844e-03 -4.928828049271395673e-03 8.204878229092331665e-01
-7.355461740746346844e-03 -4.928828049271395673e-03 8.204878229092331665e-01
-7.355461740746346844e-03 -4.928828049271395673e-03 8.204878229092331665e-01
-7.355461740746346844e-03 -4.928828049271395673e-03 8.204878229092331665e-01
-7.355461740746346844e-03 -4.928828049271395673e-03 8.204878229092331665e-01
-7.355461740746346844e-03 -4.928828049271395673e-03 8.204878229092331665e-01
-7.355461740746346844e-03 -4.928828049271395673e-03 8.204878229092331665e-01
-7.355461740746346844e-03 -4.928828049271395673e-03 8.204878229092331665e-01
-7.355461740746346844e-03 -4.928828049271395673e-03 8.204878229092331665e-01
-7.355461740746346844e-03 -4.928828049271395673e-03 8.204878229092331665e-01
-7.355461740746346844e-03 -4.928828049271395673e-03 8.204878229092331665e-01
-7.355461740746346844e-03 -4.928828049271395673e-03 8.204878229092331665e-01
-7.355461740746346844e-03 -4.928828049271395673e-03 8.204878229092331665e-01
-7.355461740746346844e-03 -4.928828049271395673e-03 8.204878229092331665e-01
-7.355461740746346844e-03 -4.928828049271395673e-03 8.204878229092331665e-01
-7.355461740746346844e-03 -4.928828049271395673e-03 8.204878229092331665e-01
-7.355461740746346844e-03 -4.928828049271395673e-03 8.204878229092331665e-01
-7.355461740746346844e-03 -4.928828049271395673e-03 8.204878229092331665e-01
-7.355461740746346844e-03 -4.928828049271395673e-03 8.204878229092331665e-01
-7.355461740746346844e-03 -4.928828049271395673e-03 8.204878229092331665e-01
-7.355461740746346844e-03 -4.928828049271395673e-03 8.204878229092331665e-01
-7.355461740746346844e-03 -4.928828049271395673e-03 8.204878229092331665e-01
-7.355461740746346844e-03 -4.928828049271395673e-03 8.204878229092331665e-01
-7.355461740746346844e-03 -4.928828049271395673e-03 8.204878229092331665e-01
-7.355461740746346844e-03 -4.928828049271395673e-03 8.204878229092331665e-01
-7.355461740746346844e-03 -4.928828049271395673e-03 8.204878229092331665e-01
-7.355461740746346844e-03 -4.928828049271395673e-03 8.204878229092331665e-01
-7.355461740746346844e-03 -4.928828049271395673e-03 8.204878229092331665e-01
-7.355461740746346844e-03 -4.928828049271395673e-03 8.204878229092331665e-01
-7.355461740746346844e-03 -4.928828049271395673e-03 8.204878229092331665e-01
-7.355461740746346844e-03 -4.928828049271395673e-03 8.204878229092331665e-01
-7.355461740746346844e-03 -4.928828049271395673e-03 8.204878229092331665e-01
-7.355461740746346844e-03 -4.928828049271395673e-03 8.204878229092331665e-01
-7.355461740746346844e-03 -4.928828049271395673e-03 8.204878229092331665e-01
-7.355461740746346844e-03 -4.928828049271395673e-03 8.204878229092331665e-01
-7.355461740746346844e-03 -4.928828049271395673e-03 8.204878229092331665e-01
-7.355461740746346844e-03 -4.928828049271395673e-03 8.204878229092331665e-01
-7.355461740746346844e-03 -4.928828049271395673e-03 8.204878229092331665e-01
-7.355461740746346844e-03 -4.928828049271395673e-03 8.204878229092331665e-01
-7.355461740746346844e-03 -4.928828049271395673e-03 8.204878229092331665e-01
-7.355461740746346844e-03 -4.928828049271395673e-03 8.204878229092331665e-01
-7.355461740746346844e-03 -4.928828049271395673e-03 8.204878229092331665e-01
-7.355461740746346844e-03 -4.928828049271395673e-03 8.204878229092331665e-01
-7.355461740746346844e-03 -4.928828049271395673e-03 8.204878229092331665e-01
-7.355461740746346844e-03 -4.928828049271395673e-03 8.204878229092331665e-01
-7.355461740746346844e-03 -4.928828049271395673e-03 8.204878229092331665e-01
-7.355461740746346844e-03 -4.928828049271395673e-03 8.204878229092331665e-01
-7.355461740746346844e-03 -4.928828049271395673e-03 8.204878229092331665e-01
-7.355461740746346844e-03 -4.928828049271395673e-03 8.204878229092331665e-01
-7.355461740746346844e-03 -4.928828049271395673e-03 8.204878229092331665e-01
-7.355461740746346844e-03 -4.928828049271395673e-03 8.204878229092331665e-01
-7.355461740746346844e-03 -4.928828049271395673e-03 8.204878229092331665e-01
-7.355461740746346844e-03 -4.928828049271395673e-03 8.204878229092331665e-01
-7.355461740746346844e-03 -4.928828049271395673e-03 8.204878229092331665e-01
-7.355461740746346844e-03 -4.928828049271395673e-03 8.204878229092331665e-01
-7.355461740746346844e-03 -4.928828049271395673e-03 8.204878229092331665e-01
-7.355461740746346844e-03 -4.928828049271395673e-03 8.204878229092331665e-01
-7.355461740746346844e-03 -4.928828049271395673e-03 8.204878229092331665e-01
-7.355461740746346844e-03 -4.928828049271395673e-03 8.204878229092331665e-01
-7.355461740746346844e-03 -4.928828049271395673e-03 8.204878229092331665e-01
-7.355461740746346844e-03 -4.928828049271395673e-03 8.204878229092331665e-01
-7.355461740746346844e-03 -4.928828049271395673e-03 8.204878229092331665e-01
-7.355461740746346844e-03 -4.928828049271395673e-03 8.204878229092331665e-01
-7.355461740746346844e-03 -4.928828049271395673e-03 8.204878229092331665e-01
-7.355461740746346844e-03 -4.928828049271395673e-03 8.204878229092331665e-01
-7.355461740746346844e-03 -4.928828049271395673e-03 8.204878229092331665e-01
-7.355461740746346844e-03 -4.928828049271395673e-03 8.204878229092331665e-01
-7.355461740746346844e-03 -4.928828049271395673e-03 8.204878229092331665e-01
-7.355461740746346844e-03 -4.928828049271395673e-03 8.204878229092331665e-01
-7.355461740746346844e-03 -4.928828049271395673e-03 8.204878229092331665e-01
-7.355461740746346844e-03 -4.928828049271395673e-03 8.204878229092331665e-01
-7.355461740746346844e-03 -4.928828049271395673e-03 8.204878229092331665e-01
-7.355461740746346844e-03 -4.928828049271395673e-03 8.204878229092331665e-01
-7.355461740746346844e-03 -4.928828049271395673e-03 8.204878229092331665e-01
-7.355461740746346844e-03 -4.928828049271395673e-03 8.204878229092331665e-01
-7.355461740746346844e-03 -4.928828049271395673e-03 8.204878229092331665e-01
-7.355461740746346844e-03 -4.928828049271395673e-03 8.204878229092331665e-01
-7.355461740746346844e-03 -4.928828049271395673e-03 8.204878229092331665e-01
-7.355461740746346844e-03 -4.928828049271395673e-03 8.204878229092331665e-01
-7.355461740746346844e-03 -4.928828049271395673e-03 8.204878229092331665e-01
-7.355461740746346844e-03 -4.928828049271395673e-03 8.204878229092331665e-01
-7.355461740746346844e-03 -4.928828049271395673e-03 8.204878229092331665e-01
-7.355461740746346844e-03 -4.928828049271395673e-03 8.204878229092331665e-01
-7.355461740746346844e-03 -4.928828049271395673e-03 8.204878229092331665e-01
-7.355461740746346844e-03 -4.928828049271395673e-03 8.204878229092331665e-01
-7.355461740746346844e-03 -4.928828049271395673e-03 8.204878229092331665e-01
-7.355461740746346844e-03 -4.928828049271395673e-03 8.204878229092331665e-01
-7.355461740746346844e-03 -4.928828049271395673e-03 8.204878229092331665e-01
-7.355461740746346844e-03 -4.928828049271395673e-03 8.204878229092331665e-01
-7.355461740746346844e-03 -4.928828049271395673e-03 8.204878229092331665e-01
-7.355461740746346844e-03 -4.928828049271395673e-03 8.204878229092331665e-01
-7.355461740746346844e-03 -4.928828049271395673e-03 8.204878229092331665e-01
-7.355461740746346844e-03 -4.928828049271395673e-03 8.204878229092331665e-01
-7.355461740746346844e-03 -4.928828049271395673e-03 8.204878229092331665e-01
-7.355461740746346844e-03 -4.928828049271395673e-03 8.204878229092331665e-01
-7.355461740746346844e-03 -4.928828049271395673e-03 8.204878229092331665e-01
-7.355461740746346844e-03 -4.928828049271395673e-03 8.204878229092331665e-01
-7.355461740746346844e-03 -4.928828049271395673e-03 8.204878229092331665e-01
-7.355461740746346844e-03 -4.928828049271395673e-03 8.204878229092331665e-01
-7.355461740746346844e-03 -4.928828049271395673e-03 8.204878229092331665e-01
-7.355461740746346844e-03 -4.928828049271395673e-03 8.204878229092331665e-01
-7.355461740746346844e-03 -4.928828049271395673e-03 8.204878229092331665e-01
-7.355461740746346844e-03 -4.928828049271395673e-03 8.204878229092331665e-01
-7.355461740746346844e-03 -4.928828049271395673e-03 8.204878229092331665e-01
-7.355461740746346844e-03 -4.928828049271395673e-03 8.204878229092331665e-01
-7.355461740746346844e-03 -4.928828049271395673e-03 8.204878229092331665e-01
-7.355461740746346844e-03 -4.928828049271395673e-03 8.204878229092331665e-01
-7.355461740746346844e-03 -4.928828049271395673e-03 8.204878229092331665e-01
-7.355461740746346844e-03 -4.928828049271395673e-03 8.204878229092331665e-01
-7.355461740746346844e-03 -4.928828049271395673e-03 8.204878229092331665e-01
-7.355461740746346844e-03 -4.928828049271395673e-03 8.204878229092331665e-01
-7.355461740746346844e-03 -4.928828049271395673e-03 8.204878229092331665e-01
-7.355461740746346844e-03 -4.928828049271395673e-03 8.204878229092331665e-01
-7.355461740746346844e-03 -4.928828049271395673e-03 8.204878229092331665e-01
-7.355461740746346844e-03 -4.928828049271395673e-03 8.204878229092331665e-01
-7.355461740746346844e-03 -4.928828049271395673e-03 8.204878229092331665e-01
-7.355461740746346844e-03 -4.928828049271395673e-03 8.204878229092331665e-01
-7.355461740746346844e-03 -4.928828049271395673e-03 8.204878229092331665e-01
-7.355461740746346844e-03 -4.928828049271395673e-03 8.204878229092331665e-01
-7.355461740746346844e-03 -4.928828049271395673e-03 8.204878229092331665e-01
-7.355461740746346844e-03 -4.928828049271395673e-03 8.204878229092331665e-01
-7.355461740746346844e-03 -4.928828049271395673e-03 8.204878229092331665e-01
-7.355461740746346844e-03 -4.928828049271395673e-03 8.204878229092331665e-01
-7.355461740746346844e-03 -4.928828049271395673e-03 8.204878229092331665e-01
-7.355461740746346844e-03 -4.928828049271395673e-03 8.204878229092331665e-01
-7.355461740746346844e-03 -4.928828049271395673e-03 8.204878229092331665e-01
-7.355461740746346844e-03 -4.928828049271395673e-03 8.204878229092331665e-01
-7.355461740746346844e-03 -4.928828049271395673e-03 8.204878229092331665e-01
-7.355461740746346844e-03 -4.928828049271395673e-03 8.204878229092331665e-01
-7.355461740746346844e-03 -4.928828049271395673e-03 8.204878229092331665e-01
-7.355461740746346844e-03 -4.928828049271395673e-03 8.204878229092331665e-01
-7.355461740746346844e-03 -4.928828049271395673e-03 8.204878229092331665e-01
-7.355461740746346844e-03 -4.928828049271395673e-03 8.204878229092331665e-01
-7.355461740746346844e-03 -4.928828049271395673e-03 8.204878229092331665e-01
-7.355461740746346844e-03 -4.928828049271395673e-03 8.204878229092331665e-01
-7.355461740746346844e-03 -4.928828049271395673e-03 8.204878229092331665e-01
-7.355461740746346844e-03 -4.928828049271395673e-03 8.204878229092331665e-01
-7.355461740746346844e-03 -4.928828049271395673e-03 8.204878229092331665e-01
-7.355461740746346844e-03 -4.928828049271395673e-03 8.204878229092331665e-01
-7.355461740746346844e-03 -4.928828049271395673e-03 8.204878229092331665e-01
-7.355461740746346844e-03 -4.928828049271395673e-03 8.204878229092331665e-01
-7.355461740746346844e-03 -4.928828049271395673e-03 8.204878229092331665e-01
-7.355461740746346844e-03 -4.928828049271395673e-03 8.204878229092331665e-01
-7.355461740746346844e-03 -4.928828049271395673e-03 8.204878229092331665e-01
-7.355461740746346844e-03 -4.928828049271395673e-03 8.204878229092331665e-01
-7.355461740746346844e-03 -4.928828049271395673e-03 8.204878229092331665e-01
-7.355461740746346844e-03 -4.928828049271395673e-03 8.204878229092331665e-01
