0.000000000000000000e+00 0.000000000000000000e+00 0.000000000000000000e+00
-6.208584303111003809e-03 -4.233988091318762609e-03 8.385678180965135953e-01
-6.399359470212040608e-03 -4.059605359660816738e-03 8.386772353168039373e-01
-6.984936037536339237e-03 -3.525414483344370322e-03 8.390728843969567086e-01
-8.151644484672848287e-03 -2.527225272167510015e-03 8.396365060466853825e-01
-9.881850510140581870e-03 -1.054199963762070822e-03 8.403757336268187217e-01
-1.203180898645959951e-02 8.720708313682864598e-04 8.413408064478445914e-01
-1.440830065881617238e-02 3.218631634522858744e-03 8.425936305297981876e-01
-1.675587376063825823e-02 5.950193375481747579e-03 8.441637682033047430e-01
-1.898842114761199046e-02 9.031136752065493586e-03 8.460741157017377390e-01
-2.115793695023366824e-02 1.242470936972946138e-02 8.483413394254730733e-01
-2.288533970003987089e-02 1.608762302828000909e-02 8.508762678665442447e-01
-2.377446729426675384e-02 1.998191910018203010e-02 8.535352121898475142e-01
-2.394776614092066630e-02 2.407904262438256143e-02 8.562579332287405531e-01
-2.357912725176584609e-02 2.834921079105479080e-02 8.589783266492665437e-01
-2.275092940683164089e-02 3.276067182541876621e-02 8.615960907393760415e-01
-2.184069687540225735e-02 3.726093872381507077e-02 8.641939817417467751e-01
-2.102644620596383004e-02 4.180793304046916820e-02 8.667553321904919450e-01
-2.024246524301149056e-02 4.637112242599734230e-02 8.691787736111243889e-01
-1.958976734743277451e-02 5.089753689344625465e-02 8.715149591231736714e-01
-1.893334520707418839e-02 5.535571061558811068e-02 8.737256737392994355e-01
-1.810729894001460866e-02 5.971429740737851932e-02 8.757859432634593766e-01
-1.719288569888993007e-02 6.393359692729481958e-02 8.776720907524130366e-01
-1.630827298623150484e-02 6.798414135012997850e-02 8.793455945000412388e-01
-1.549652553113171558e-02 7.184305245006433749e-02 8.807889111844795504e-01
-1.478965709846576972e-02 7.549626570046386043e-02 8.819900996311701435e-01
-1.423148556704713352e-02 7.893696987147361122e-02 8.829369498477331879e-01
-1.385549019150331129e-02 8.217151957145146790e-02 8.836283752979774420e-01
-1.379656848528002314e-02 8.523302817789635277e-02 8.840511941100944737e-01
-1.413492799889138132e-02 8.815515377010474385e-02 8.842125375028490053e-01
-1.478610699448990734e-02 9.095660065627914070e-02 8.841652855584185566e-01
-1.563176840374159993e-02 9.367082559987283119e-02 8.839843447349389205e-01
-1.659679604712847520e-02 9.634108217074008329e-02 8.837420102635732411e-01
-1.766129364125418322e-02 9.899655623871339571e-02 8.834928525779532915e-01
-1.885161106963093719e-02 1.016657180094750479e-01 8.832813410676891852e-01
-2.022089439874033556e-02 1.043798322973045895e-01 8.831478398770474803e-01
-2.171502377467401240e-02 1.070949715803805324e-01 8.831281254410960901e-01
-2.319500721118867084e-02 1.094527395097706912e-01 8.830518300084031491e-01
-2.459647258865425845e-02 1.110728276178407636e-01 8.826017182510351722e-01
-2.607734120608400791e-02 1.119775921494690629e-01 8.816069542723596886e-01
-2.787485678094771963e-02 1.124997900547634322e-01 8.801266605311485192e-01
-3.011047622234607618e-02 1.127584415414146501e-01 8.781222979125610228e-01
-3.287867222314799776e-02 1.126579940437291427e-01 8.753751455499150236e-01
-3.630752530435586017e-02 1.124003643766150473e-01 8.719867952372152287e-01
-4.050998155871999434e-02 1.120674541207835606e-01 8.680529140699702051e-01
-4.554521893398267435e-02 1.117100303285383789e-01 8.636491017069382048e-01
-5.137278595414231097e-02 1.115415861870184822e-01 8.590545492029355579e-01
-5.790994413174101185e-02 1.116698499647572895e-01 8.545005165597411301e-01
-6.490158783761092176e-02 1.121478474473383974e-01 8.502595509246362315e-01
-6.901496425991757167e-02 1.124423966524795704e-01 8.482576167799803502e-01
-7.050929809697731310e-02 1.125127839719275991e-01 8.482423456246720450e-01
-7.121922900724818317e-02 1.125452781861667195e-01 8.488896877412480668e-01
-7.174757719181977522e-02 1.126523528613446734e-01 8.496347051357633351e-01
-7.229927328073906811e-02 1.129866902094724401e-01 8.504003776782044222e-01
-7.299663443124045081e-02 1.136927820034089598e-01 8.511945298169341090e-01
-7.385589460638439241e-02 1.148270171905779735e-01 8.519446252536764241e-01
-7.502423157655757624e-02 1.165297025583852120e-01 8.525538980079208073e-01
-7.649852010517668721e-02 1.188144917711791149e-01 8.530404386031110731e-01
-7.827399789603825542e-02 1.216813250624928372e-01 8.535453967851389656e-01
-8.032446308660939893e-02 1.251227309720426839e-01 8.542203796813330197e-01
-8.254784974590470559e-02 1.290685473217335899e-01 8.550826617398146201e-01
-8.485843633444951906e-02 1.334533643887728938e-01 8.561606787111754047e-01
-8.715520379646843341e-02 1.381793183333070996e-01 8.574126846658911560e-01
-8.937659434320059659e-02 1.431845186457738062e-01 8.588287964775590533e-01
-9.150795574500292240e-02 1.484401046240725330e-01 8.604390722762930155e-01
-9.353348318049028998e-02 1.539073425015678453e-01 8.622505646527828249e-01
-9.541684614092411920e-02 1.595219291260949745e-01 8.642201156535257445e-01
-9.714925060601990736e-02 1.652470629631719867e-01 8.663298020995481297e-01
-9.875933212631586577e-02 1.710813052099382503e-01 8.686136591438904375e-01
-1.002404984903696034e-01 1.769822500894709660e-01 8.710373609960139207e-01
-1.015964646776590097e-01 1.828982425394415634e-01 8.735183792019239890e-01
-1.028101827459382001e-01 1.887425163174908938e-01 8.759140064870950537e-01
-1.039010013627711115e-01 1.944569462706730034e-01 8.781275077572384680e-01
-1.049597320992836508e-01 2.000618238246636427e-01 8.801822326853101508e-01
-1.060768949190071531e-01 2.055894289045215872e-01 8.821400070785581082e-01
-1.073088624470874691e-01 2.110663641593072959e-01 8.840739424555622561e-01
-1.086889451743331542e-01 2.165613648436054972e-01 8.861439993521353919e-01
-1.102078892768305757e-01 2.221036115746974904e-01 8.884632709399044037e-01
-1.118184517958738661e-01 2.276473205636393438e-01 8.910097078929263281e-01
-1.134455003369582160e-01 2.331160822820244338e-01 8.936975651151320976e-01
-1.150181353141243035e-01 2.384267839843590142e-01 8.964047518093846145e-01
-1.165049474286878745e-01 2.435357157962263208e-01 8.990595141215449448e-01
-1.179142322609282728e-01 2.484293631817832138e-01 9.016330601464861427e-01
-1.192812921187620667e-01 2.531216549858322784e-01 9.041482822185308299e-01
-1.206295219930744872e-01 2.576174037866212907e-01 9.066172540263608415e-01
-1.219809838719512485e-01 2.619388357025572156e-01 9.090886613477099365e-01
-1.233679107839554812e-01 2.661469006766012391e-01 9.116888035913496280e-01
-1.247637826225134056e-01 2.702348659391391461e-01 9.144301482860875963e-01
-1.260927711086160530e-01 2.741341669295856431e-01 9.171949619275074905e-01
-1.273254134305965846e-01 2.778351092809695499e-01 9.199609182246522021e-01
-1.284515780612229263e-01 2.813342630967023972e-01 9.227131708134307386e-01
-1.294857721309199128e-01 2.846516736235442657e-01 9.254824782035478981e-01
-1.304626515856149582e-01 2.878306786408255102e-01 9.283565915255639345e-01
-1.313694226839915435e-01 2.908720238804851643e-01 9.313383236953094446e-01
-1.321419714986077076e-01 2.937343862859833066e-01 9.343239910663037051e-01
-1.327424174239388022e-01 2.963986308555772720e-01 9.372413626600898384e-01
-1.331913482491231815e-01 2.988833048751656785e-01 9.401031560700207068e-01
-1.335220709458577459e-01 3.012105399141923323e-01 9.429368679148000254e-01
-1.337525886224754101e-01 3.033971700651053038e-01 9.457533148656375177e-01
-1.339092420170726883e-01 3.054741531573947899e-01 9.485949397860525822e-01
-1.339860014118760267e-01 3.074437457848941957e-01 9.514493917925153088e-01
-1.339491799226102120e-01 3.092947299058771971e-01 9.542478019877407291e-01
-1.338036926465263343e-01 3.110356245655066521e-01 9.569813974567492609e-01
-1.335752736111085748e-01 3.126796961619508486e-01 9.596632168603105306e-01
-1.332947327176397800e-01 3.142431617726828552e-01 9.623331334944356108e-01
-1.329803543775000263e-01 3.157377321979771834e-01 9.650309736278696038e-01
-1.326377857818038519e-01 3.171718088508511668e-01 9.677946275415995059e-01
-1.322616135271840465e-01 3.185480247457265213e-01 9.706458563554517527e-01
-1.318387725014041334e-01 3.198636778262060054e-01 9.735842868808195494e-01
-1.313590770097091409e-01 3.211170691707048719e-01 9.766135355435593413e-01
-1.307640735767414686e-01 3.222892564676768101e-01 9.796308590412243777e-01
-1.300001147222936415e-01 3.233688988591824076e-01 9.825207998906378970e-01
-1.291015543656982567e-01 3.243727810396661582e-01 9.853001328442582141e-01
-1.281139699572044766e-01 3.253162060509967590e-01 9.879815914349169281e-01
-1.270673477669937157e-01 3.262086371980445487e-01 9.905618314876297736e-01
-1.259891026074187736e-01 3.270593649320991947e-01 9.930611209690198837e-01
-1.248928867926771963e-01 3.278730494635980763e-01 9.954755236358441284e-01
-1.237866642842717219e-01 3.286544133488856767e-01 9.978083653782063855e-01
-1.226795183330700867e-01 3.294084523042739576e-01 1.000083308146848760e+00
-1.215725028315874368e-01 3.301374021511883639e-01 1.002304404860887566e+00
-1.204650737018435475e-01 3.308440254457749585e-01 1.004487653328546282e+00
-1.193605075511956076e-01 3.315305520749989299e-01 1.006668504174075940e+00
-1.182598296190542631e-01 3.321981200863851624e-01 1.008890512730636235e+00
-1.171502103651773374e-01 3.328408056113602020e-01 1.011140605868227516e+00
-1.160084880589402068e-01 3.334500409032235546e-01 1.013354540515221780e+00
-1.148266907441176377e-01 3.340244726514502993e-01 1.015513096095163492e+00
-1.136147167181478512e-01 3.345668473123349362e-01 1.017629096842624037e+00
-1.123942977316729624e-01 3.350780343539714323e-01 1.019704550501247420e+00
-1.111770117742426622e-01 3.355584155230753041e-01 1.021729578201979516e+00
-1.099701102196420643e-01 3.360113208297461074e-01 1.023723926488974811e+00
-1.087789119354994199e-01 3.364390662463165871e-01 1.025706115100113003e+00
-1.076052407511836478e-01 3.368437248150288332e-01 1.027706791707213352e+00
-1.064419067751723041e-01 3.372233578098363660e-01 1.029720408338457016e+00
-1.052767424349641406e-01 3.375747979540239530e-01 1.031702741514625821e+00
-1.041091562721142977e-01 3.378988688401262097e-01 1.033649761982614379e+00
-1.029452865429545672e-01 3.381974179831672145e-01 1.035562879524614122e+00
-1.017918565144102783e-01 3.384725790966396364e-01 1.037454767926677679e+00
-1.006511366058975010e-01 3.387250771818831607e-01 1.039323726734581177e+00
-9.952355122894712691e-02 3.389559245266727805e-01 1.041174339875480026e+00
-9.841242846539718925e-02 3.391671799440268420e-01 1.043053520194654249e+00
-9.731315498663703489e-02 3.393572218688937214e-01 1.044966978000025914e+00
-9.621154473111767635e-02 3.395229030152985272e-01 1.046869487769923390e+00
-9.510155913041785924e-02 3.396642808129453073e-01 1.048748985547909740e+00
-9.398671274714964774e-02 3.397828063363611539e-01 1.050605767069184182e+00
-9.287693577130426426e-02 3.398814417737404669e-01 1.052494074758061338e+00
-9.177731093973177934e-02 3.399597867072769453e-01 1.054466575634298575e+00
-9.066922687990382201e-02 3.400125632413037446e-01 1.056453899408269059e+00
-8.953593700146308954e-02 3.400384375972875795e-01 1.058398910442336138e+00
-8.838278626743133193e-02 3.400402447579929932e-01 1.060302192810874677e+00
-8.722188886473609959e-02 3.400214183328998940e-01 1.062164275621598986e+00
-8.606424729209491420e-02 3.399849218008212937e-01 1.063994082751549941e+00
-8.491902398060238721e-02 3.399323092435594940e-01 1.065842732948392602e+00
-8.378842609022385535e-02 3.398622477329766856e-01 1.067749766115456911e+00
-8.266526280301478291e-02 3.397726782404980606e-01 1.069696467330124356e+00
-8.154391536755314918e-02 3.396617757439106544e-01 1.071687872755800131e+00
-8.042068162430469902e-02 3.395275447420318948e-01 1.073730710097584140e+00
-7.928052049384570754e-02 3.393687675271426230e-01 1.075764219284334411e+00
-7.811406065751781702e-02 3.391878877146808358e-01 1.077733348293991478e+00
-7.693295698023450147e-02 3.389894596781537484e-01 1.079642715346189608e+00
-7.575282788281806345e-02 3.387777430037750004e-01 1.081499283488049468e+00
-7.458524013463821434e-02 3.385561852108884828e-01 1.083305310508865915e+00
-7.343769947955419708e-02 3.383284734019539330e-01 1.085048888248599130e+00
-7.231688445224185302e-02 3.380980104243092588e-01 1.086728746724673123e+00
-7.122895277055685259e-02 3.378670550068244571e-01 1.088358523646258069e+00
-7.017775307988502465e-02 3.376369884825898282e-01 1.089950144302328283e+00
-6.916417268162453058e-02 3.374082743278064567e-01 1.091514766536761938e+00
-6.818669903041085778e-02 3.371802435713576185e-01 1.093067935807357394e+00
-6.724241314268747383e-02 3.369520791206057075e-01 1.094615945783463884e+00
-6.632759216421101056e-02 3.367218188744127705e-01 1.096178746759589817e+00
-6.543697788290131490e-02 3.364876748741836288e-01 1.097756863820256168e+00
-6.456624434089691666e-02 3.362488154491331538e-01 1.099346764342780780e+00
-6.371036149932624015e-02 3.360036564373892753e-01 1.100947224028348659e+00
-6.286549012755222876e-02 3.357521316068036721e-01 1.102546211841056056e+00
-6.202968824235362971e-02 3.354931899870958745e-01 1.104148963387654003e+00
-6.119976969000831546e-02 3.352275041368962816e-01 1.105733808646036431e+00
-6.037558292848230895e-02 3.349553000809140091e-01 1.107301650589711084e+00
-5.955918924961284278e-02 3.346761159147058073e-01 1.108867928415881554e+00
-5.874995271329092744e-02 3.343902118812565605e-01 1.110424148662797039e+00
-5.794642494352703066e-02 3.340987147807299995e-01 1.111954189840338003e+00
-5.715082750981923670e-02 3.338005053347964379e-01 1.113486344349939872e+00
-5.636456145192142442e-02 3.334934260686066576e-01 1.115048351763092915e+00
-5.558585158269296889e-02 3.331757068079348461e-01 1.116647157602252971e+00
-5.480939773763632283e-02 3.328469710998234743e-01 1.118261785570760170e+00
-5.403024162798586438e-02 3.325065604142579678e-01 1.119879172218136931e+00
-5.325128975629471462e-02 3.321562951267839625e-01 1.121495842826873313e+00
-5.246829819768350500e-02 3.317975307014571218e-01 1.123079097293170792e+00
-5.168367184406455483e-02 3.314316922669099941e-01 1.124626578961605672e+00
-5.090223167360978518e-02 3.310585287921095632e-01 1.126160615175733959e+00
-5.012632122877438978e-02 3.306778787365090011e-01 1.127690184978573873e+00
-4.935609311304473001e-02 3.302900816566870512e-01 1.129213381999469634e+00
-4.859158774806328351e-02 3.298939197440244331e-01 1.130744209993683747e+00
-4.783227539865084199e-02 3.294898321051473733e-01 1.132275622104122803e+00
-4.707702834239316236e-02 3.290809868354377388e-01 1.133774597461578937e+00
-4.632718609191966569e-02 3.286692031007963366e-01 1.135235350534268495e+00
-4.558501597547331974e-02 3.282528715404623432e-01 1.136683893801338607e+00
-4.485229307096792739e-02 3.278339252084749300e-01 1.138108106611135595e+00
-4.413052947978571283e-02 3.274163164833471251e-01 1.139481084326159799e+00
-4.342208894283327431e-02 3.270022757815788106e-01 1.140797758472782863e+00
-4.272855410292936834e-02 3.265907418145176377e-01 1.142081330931778771e+00
-4.204952355808665859e-02 3.261786322987890729e-01 1.143362688050808984e+00
-4.138584425792711519e-02 3.257681493561900288e-01 1.144625875313102004e+00
-4.073914996462024013e-02 3.253635094045495557e-01 1.145844100920037523e+00
-4.011082536904077983e-02 3.249669156241563606e-01 1.147009849896738709e+00
-3.950031535438874170e-02 3.245761680593424736e-01 1.148147401913566013e+00
-3.890731728768209025e-02 3.241899384779777793e-01 1.149270063550682286e+00
-3.833240792869892916e-02 3.238100466734255556e-01 1.150367045746763406e+00
-3.777594787709442209e-02 3.234377194121052512e-01 1.151434235971310116e+00
-3.723694853824766754e-02 3.230725374668715899e-01 1.152476342004311149e+00
-3.671445283616207866e-02 3.227134174694889501e-01 1.153502537862441280e+00
-3.620848372174478164e-02 3.223612468596253056e-01 1.154508228026926098e+00
-3.571796359633832435e-02 3.220155030095166460e-01 1.155497051093619110e+00
-3.524287213735281116e-02 3.216771383242451599e-01 1.156463317304686322e+00
-3.478211015938758449e-02 3.213453985316415684e-01 1.157412435281503615e+00
-3.433588302058024344e-02 3.210213093002550755e-01 1.158337920463737181e+00
-3.390490752776736949e-02 3.207070682588634702e-01 1.159226066975614255e+00
-3.348829069069599040e-02 3.204013257575747398e-01 1.160088557339217008e+00
-3.308629846985788880e-02 3.201043323591825640e-01 1.160925843026842319e+00
-3.269837355002455648e-02 3.198160528585233253e-01 1.161738288284865250e+00
-3.232384506956637038e-02 3.195356483452130303e-01 1.162533396462980484e+00
-3.196224601699147738e-02 3.192633009187459958e-01 1.163309070683137492e+00
-3.161297108670238498e-02 3.189986839229769222e-01 1.164067799693168759e+00
-3.127464052289567753e-02 3.187405107887495426e-01 1.164816760530887230e+00
-3.094588373089679836e-02 3.184873767287260127e-01 1.165563745623970027e+00
-3.062561786661704977e-02 3.182387717661721016e-01 1.166308477706851976e+00
-3.031292708631823721e-02 3.179940672858385109e-01 1.167052996709132762e+00
-3.000572705660172965e-02 3.177511583525852723e-01 1.167806845481444089e+00
-2.970336226125161114e-02 3.175098961106720963e-01 1.168566883938799483e+00
-2.940573111887738456e-02 3.172715015671541128e-01 1.169319589561037320e+00
-2.911299467728400633e-02 3.170373856659151612e-01 1.170051028245632452e+00
-2.882575725959218155e-02 3.168081572597407081e-01 1.170757382093902343e+00
-2.854400721910280506e-02 3.165831541823152517e-01 1.171443863366053106e+00
-2.826778772908103421e-02 3.163620690071613506e-01 1.172112695028504348e+00
-2.799781501912007586e-02 3.161456942720713426e-01 1.172758958888130643e+00
-2.773369115711747657e-02 3.159332247690551654e-01 1.173389904029857433e+00
-2.747541051300879042e-02 3.157244736961996034e-01 1.174007107640480552e+00
-2.722432683516649854e-02 3.155213364567985290e-01 1.174597845463838386e+00
-2.698074427834470240e-02 3.153239543650397936e-01 1.175163147623963011e+00
-2.674468113065649189e-02 3.151321280826043791e-01 1.175705619658520940e+00
-2.651459041725235527e-02 3.149437833709007872e-01 1.176239825698998542e+00
-2.628929538746552566e-02 3.147575912974847068e-01 1.176773322563747337e+00
-2.606938216758427490e-02 3.145746031654389485e-01 1.177297785788907314e+00
-2.585514070365351608e-02 3.143954742911478917e-01 1.177808169552228224e+00
-2.564684153071664779e-02 3.142205344140491241e-01 1.178302738947899275e+00
-2.544310100826504412e-02 3.140482682459192487e-01 1.178789928588710012e+00
-2.524159096224014298e-02 3.138760644552835988e-01 1.179284128565213363e+00
-2.504178109205890471e-02 3.137034376788181422e-01 1.179786453072438013e+00
-2.484325177128798162e-02 3.135302069265210601e-01 1.180295504651831973e+00
-2.464565245186483428e-02 3.133564665130091353e-01 1.180807130115849812e+00
-2.444980223903147482e-02 3.131834937949632969e-01 1.181311671736715807e+00
-2.425596921248879614e-02 3.130117185893369069e-01 1.181805257391058683e+00
-2.406333427835066069e-02 3.128401948509945130e-01 1.182292610867755833e+00
-2.387114059400147897e-02 3.126676499576427903e-01 1.182781992768037638e+00
-2.367923175908852665e-02 3.124940830220023780e-01 1.183271606228377903e+00
-2.348724205783815633e-02 3.123190493307835269e-01 1.183763544097793829e+00
-2.329600593812103035e-02 3.121437510713387375e-01 1.184249413374957927e+00
-2.310530450338444883e-02 3.119679867037340459e-01 1.184729962129750458e+00
-2.291344202887794779e-02 3.117894880434806115e-01 1.185218418575487709e+00
-2.272167428109027332e-02 3.116099487856874295e-01 1.185703536935577507e+00
-2.253142254871374345e-02 3.114312345011947536e-01 1.186174335342516928e+00
-2.234280044676487456e-02 3.112533743344875203e-01 1.186631688096222659e+00
-2.215687464355250297e-02 3.110775749226367126e-01 1.187070027374880210e+00
-2.197268498615235696e-02 3.109023936383206177e-01 1.187499259078217184e+00
-2.178847376642448902e-02 3.107255412288260077e-01 1.187932904515914156e+00
-2.160490956406068558e-02 3.105478908805655025e-01 1.188366368818729368e+00
-2.142377635630560856e-02 3.103717074131834286e-01 1.188788157851164096e+00
-2.124555411048612008e-02 3.101977310591491066e-01 1.189194843378809097e+00
-2.106985484580816206e-02 3.100251775940081611e-01 1.189592665866970433e+00
-2.089625480477144692e-02 3.098537547298050310e-01 1.189983145974749412e+00
-2.072628674306352392e-02 3.096850630511435165e-01 1.190360625942650019e+00
-2.055992048003957295e-02 3.095192952564997935e-01 1.190724666829126477e+00
-2.039747718992425754e-02 3.093567313090929138e-01 1.191075906408364027e+00
-2.023901166828639617e-02 3.091973782845104934e-01 1.191416063105860124e+00
-2.008462005151763485e-02 3.090414594452805530e-01 1.191745135812986689e+00
-1.993406973150143105e-02 3.088887602565320023e-01 1.192065260231469415e+00
-1.978574383260003205e-02 3.087373441278805641e-01 1.192386146694598636e+00
-1.963925742812660732e-02 3.085869778618139381e-01 1.192708647293388546e+00
-1.949640429094379873e-02 3.084398395345950838e-01 1.193023462883060271e+00
-1.935586898724795182e-02 3.082944318168714393e-01 1.193337277609626712e+00
-1.921678186762319426e-02 3.081499395969626298e-01 1.193653118393089185e+00
-1.908030522890442199e-02 3.080078527936588317e-01 1.193964015142053636e+00
-1.894630186398192986e-02 3.078680888382262504e-01 1.194270168413860134e+00
-1.881455619920003111e-02 3.077303490355047799e-01 1.194573251111713086e+00
-1.868513705457064064e-02 3.075948276467302955e-01 1.194872052934761619e+00
-1.855811020126141644e-02 3.074616843042111691e-01 1.195165666318757314e+00
-1.843325826564230080e-02 3.073306159482935285e-01 1.195455760775616660e+00
-1.831080859721198953e-02 3.072018792367469664e-01 1.195741339284617677e+00
-1.819065252458897455e-02 3.070754733729127439e-01 1.196021943971327328e+00
-1.807267648831270557e-02 3.069512479773434110e-01 1.196298398666655549e+00
-1.795729405117846983e-02 3.068296488314029569e-01 1.196568879140712527e+00
-1.784429608499191536e-02 3.067103460437723417e-01 1.196835266344620008e+00
-1.773185455725182977e-02 3.065912877818334770e-01 1.197106358873377463e+00
-1.761994745442049121e-02 3.064724399628342977e-01 1.197381944295736300e+00
-1.750965518820701838e-02 3.063551960487320702e-01 1.197654482377650265e+00
-1.740053655901228208e-02 3.062390157085271847e-01 1.197926049356740741e+00
-1.729210570736253519e-02 3.061232179814800669e-01 1.198199796219312718e+00
-1.718355677818024507e-02 3.060070076886391433e-01 1.198478163895787096e+00
-1.707447352163276102e-02 3.058897375809895847e-01 1.198764063279722070e+00
-1.696545118714947939e-02 3.057723551139024387e-01 1.199051027511603529e+00
-1.685783519152401350e-02 3.056565079488616776e-01 1.199330153306823687e+00
-1.675173433514318480e-02 3.055421656660552432e-01 1.199601947864435525e+00
-1.664717232391239518e-02 3.054293514995606862e-01 1.199866296076534944e+00
-1.654413233292432311e-02 3.053180339024221812e-01 1.200123591994675998e+00
-1.644244173712830839e-02 3.052081124830262615e-01 1.200374333624263379e+00
-1.634219868334707906e-02 3.050995572115106635e-01 1.200619736351037803e+00
-1.624299657664141777e-02 3.049918994672466965e-01 1.200862232755225634e+00
-1.614458989836849157e-02 3.048850208052211741e-01 1.201102009899455592e+00
-1.604693422413304427e-02 3.047789064001628634e-01 1.201339245292537550e+00
-1.595003938220121431e-02 3.046734897512937135e-01 1.201574648891471808e+00
-1.585369486248811716e-02 3.045686324317408156e-01 1.201808532368193738e+00
-1.575682701581003486e-02 3.044631578501981739e-01 1.202045487512308997e+00
-1.566002549072273431e-02 3.043577244312445362e-01 1.202282637324676884e+00
-1.556396584512836564e-02 3.042534612940465122e-01 1.202514072263171530e+00
-1.546794050932174917e-02 3.041494247629293879e-01 1.202744265545007574e+00
-1.537174955607388191e-02 3.040455331922260473e-01 1.202972921398262285e+00
-1.527606170599215760e-02 3.039427365667452530e-01 1.203195549316512070e+00
-1.518120495136791870e-02 3.038412023073466250e-01 1.203412479854644390e+00
-1.508572950896684348e-02 3.037393616547601205e-01 1.203629966875150226e+00
-1.498960175865625064e-02 3.036370490120588461e-01 1.203848979165208499e+00
-1.489398632705996040e-02 3.035356987263275186e-01 1.204063278023738581e+00
-1.479857326034541773e-02 3.034350150715690586e-01 1.204273924214136704e+00
-1.470329101393310842e-02 3.033348699938299697e-01 1.204481691289675194e+00
-1.460734504268018999e-02 3.032342996366187982e-01 1.204690677580601887e+00
-1.451130569644263138e-02 3.031338437253410234e-01 1.204898869803246342e+00
-1.441630674313574417e-02 3.030350229695085162e-01 1.205099303893750085e+00
-1.432201826065552207e-02 3.029375172076032019e-01 1.205293315022845091e+00
-1.422846194901522705e-02 3.028411039395515481e-01 1.205482981708777102e+00
-1.413534518808389102e-02 3.027455366477491139e-01 1.205669140050452226e+00
-1.404263179155868999e-02 3.026504968362477288e-01 1.205854224188331658e+00
-1.394967140967085309e-02 3.025553343152017627e-01 1.206040429503839828e+00
-1.385705460025519163e-02 3.024606307810474570e-01 1.206225636497309184e+00
-1.376517800201038956e-02 3.023668281363044996e-01 1.206408026155074920e+00
-1.367360272743036939e-02 3.022733687307975203e-01 1.206590007721900504e+00
-1.358155566644207550e-02 3.021792565342481529e-01 1.206775796794437916e+00
-1.348948409667890050e-02 3.020849509209249106e-01 1.206963348368340183e+00
-1.339740569843602021e-02 3.019906472156300703e-01 1.207150962973691843e+00
-1.330536842942175654e-02 3.018962171469348199e-01 1.207339586465790093e+00
-1.321423376999678739e-02 3.018026864114963792e-01 1.207524641981606806e+00
-1.312428719849722744e-02 3.017104850949644534e-01 1.207704016406012437e+00
-1.303565177761350710e-02 3.016195136904510354e-01 1.207879195462486788e+00
-1.294738231285170148e-02 3.015288487393330552e-01 1.208053466149732857e+00
-1.285958924163716627e-02 3.014385562815206088e-01 1.208226762373916019e+00
-1.277356781316532283e-02 3.013500430581893541e-01 1.208393788205196939e+00
-1.268922729834478375e-02 3.012633273424160096e-01 1.208554326517828015e+00
-1.260619689423970145e-02 3.011776679304896120e-01 1.208712843050474328e+00
-1.252319350725964071e-02 3.010917715029173269e-01 1.208873840466737848e+00
-1.244073094948467718e-02 3.010062138151019528e-01 1.209034964468679751e+00
-1.235942590875731099e-02 3.009215230967138277e-01 1.209194755987048175e+00
-1.227858032188662227e-02 3.008370277182713659e-01 1.209355321177689513e+00
-1.219901608571134083e-02 3.007534580917148870e-01 1.209514482295936499e+00
-1.212038176167463260e-02 3.006706806380787800e-01 1.209671773814696261e+00
-1.204255766009676432e-02 3.005884817527884056e-01 1.209828311982293902e+00
-1.196597360930599062e-02 3.005072629693671393e-01 1.209982864136543768e+00
-1.189090212098467027e-02 3.004274024185861758e-01 1.210133767004725414e+00
-1.181752372154978685e-02 3.003493564833527585e-01 1.210278536599757482e+00
-1.174657392148793431e-02 3.002736647479229415e-01 1.210416576464346194e+00
-1.167763798831469857e-02 3.002000681668353654e-01 1.210548568785165369e+00
-1.161008768230568575e-02 3.001277631276359492e-01 1.210678271846560294e+00
-1.154367032186229443e-02 3.000563642165294254e-01 1.210807660750774506e+00
-1.147889183311782794e-02 2.999866171211028609e-01 1.210933471257377381e+00
-1.141636499552513458e-02 2.999190657060759602e-01 1.211054453233874062e+00
-1.135588828789711041e-02 2.998535654598177280e-01 1.211171124072881966e+00
