[-0.0827  0.0063  1.0322]
[-0.0817  0.0059  1.0323]
[-0.0802  0.0056  1.0323]
[-0.0784  0.0055  1.0322]
[-0.0764  0.0055  1.0320]
[-0.0743  0.0057  1.0316]
[-0.0721  0.0058  1.0311]
[-0.0698  0.0060  1.0304]
[-0.0674  0.0062  1.0296]
[-0.0651  0.0063  1.0286]
[-0.0630  0.0065  1.0275]
[-0.0610  0.0067  1.0263]
[-0.0591  0.0068  1.0250]
[-0.0574  0.0070  1.0237]
[-0.0557  0.0071  1.0223]
[-0.0540  0.0073  1.0208]
[-0.0523  0.0074  1.0192]
[-0.0506  0.0076  1.0175]
[-0.0491  0.0077  1.0158]
[-0.0477  0.0079  1.0141]
[-0.0464  0.0080  1.0124]
[-0.0451  0.0081  1.0106]
[-0.0439  0.0083  1.0089]
[-0.0428  0.0084  1.0071]
[-0.0415  0.0085  1.0053]
[-0.0404  0.0086  1.0035]
[-0.0393  0.0087  1.0017]
[-0.0383  0.0089  0.9999]
[-0.0373  0.0090  0.9981]
[-0.0364  0.0091  0.9963]
[-0.0356  0.0092  0.9946]
[-0.0348  0.0093  0.9929]
[-0.0339  0.0094  0.9911]
[-0.0330  0.0094  0.9894]
[-0.0322  0.0095  0.9876]
[-0.0314  0.0096  0.9859]
[-0.0307  0.0096  0.9843]
[-0.0301  0.0097  0.9827]
[-0.0295  0.0097  0.9811]
[-0.0288  0.0097  0.9795]
[-0.0282  0.0098  0.9780]
[-0.0276  0.0097  0.9765]
[-0.0270  0.0097  0.9750]
[-0.0264  0.0097  0.9735]
[-0.0258  0.0097  0.9721]
[-0.0252  0.0096  0.9707]
[-0.0246  0.0096  0.9693]
[-0.0241  0.0095  0.9679]
[-0.0235  0.0095  0.9665]
[-0.0229  0.0094  0.9652]
[-0.0222  0.0093  0.9638]
[-0.0216  0.0093  0.9625]
[-0.0210  0.0092  0.9612]
[-0.0204  0.0091  0.9599]
[-0.0198  0.0091  0.9585]
[-0.0191  0.0090  0.9572]
[-0.0183  0.0089  0.9558]
[-0.0175  0.0088  0.9544]
[-0.0169  0.0088  0.9530]
[-0.0163  0.0087  0.9516]
[-0.0157  0.0086  0.9503]
[-0.0153  0.0086  0.9490]
[-0.0148  0.0085  0.9477]
[-0.0144  0.0085  0.9465]
[-0.0139  0.0084  0.9453]
[-0.0135  0.0083  0.9441]
[-0.0131  0.0083  0.9430]
[-0.0127  0.0082  0.9418]
[-0.0122  0.0082  0.9407]
[-0.0118  0.0081  0.9396]
[-0.0113  0.0081  0.9385]
[-0.0108  0.0080  0.9374]
[-0.0104  0.0080  0.9363]
[-0.0100  0.0080  0.9353]
[-0.0096  0.0079  0.9342]
[-0.0091  0.0079  0.9332]
[-0.0085  0.0078  0.9321]
[-0.0079  0.0078  0.9309]
[-0.0073  0.0077  0.9298]
[-0.0067  0.0077  0.9286]
[-0.0063  0.0077  0.9275]
[-0.0059  0.0076  0.9264]
[-0.0055  0.0076  0.9253]
[-0.0052  0.0076  0.9242]
[-0.0049  0.0075  0.9232]
[-0.0046  0.0075  0.9221]
[-0.0043  0.0075  0.9211]
[-0.0040  0.0074  0.9201]
[-0.0037  0.0074  0.9190]
[-0.0033  0.0074  0.9180]
[-0.0030  0.0074  0.9170]
[-0.0027  0.0073  0.9160]
[-0.0024  0.0073  0.9150]
[-0.0021  0.0073  0.9140]
[-0.0019  0.0073  0.9130]
[-0.0016  0.0073  0.9120]
[-0.0013  0.0073  0.9110]
[-0.0010  0.0073  0.9100]
[-0.0008  0.0072  0.9091]
[-0.0006  0.0072  0.9081]
[-0.0004  0.0072  0.9072]
[-0.0003  0.0072  0.9063]
[-0.0001  0.0072  0.9054]
[0.0001 0.0072 0.9045]
[0.0002 0.0072 0.9037]
[0.0004 0.0072 0.9028]
[0.0005 0.0072 0.9020]
[0.0007 0.0072 0.9012]
[0.0008 0.0072 0.9004]
[0.0010 0.0072 0.8996]
[0.0012 0.0072 0.8988]
[0.0013 0.0072 0.8981]
[0.0015 0.0072 0.8973]
[0.0017 0.0071 0.8965]
[0.0019 0.0071 0.8957]
[0.0022 0.0071 0.8949]
[0.0024 0.0071 0.8941]
[0.0027 0.0071 0.8933]
[0.0029 0.0071 0.8924]
[0.0031 0.0071 0.8916]
[0.0033 0.0071 0.8908]
[0.0034 0.0071 0.8900]
[0.0036 0.0070 0.8892]
[0.0038 0.0070 0.8883]
[0.0040 0.0070 0.8875]
[0.0041 0.0070 0.8867]
[0.0041 0.0070 0.8859]
[0.0042 0.0070 0.8851]
[0.0042 0.0070 0.8844]
[0.0042 0.0069 0.8836]
[0.0042 0.0069 0.8829]
[0.0043 0.0069 0.8823]
[0.0043 0.0069 0.8816]
[0.0044 0.0069 0.8809]
[0.0045 0.0069 0.8802]
[0.0046 0.0069 0.8795]
[0.0047 0.0068 0.8789]
[0.0047 0.0068 0.8782]
[0.0048 0.0068 0.8776]
[0.0049 0.0068 0.8770]
[0.0049 0.0068 0.8764]
[0.0050 0.0068 0.8758]
[0.0050 0.0067 0.8752]
[0.0051 0.0067 0.8747]
[0.0052 0.0067 0.8741]
[0.0052 0.0067 0.8736]
[0.0053 0.0067 0.8730]
[0.0054 0.0067 0.8725]
[0.0054 0.0067 0.8720]
[0.0055 0.0066 0.8714]
[0.0056 0.0066 0.8709]
[0.0057 0.0066 0.8704]
[0.0058 0.0066 0.8699]
[0.0058 0.0066 0.8694]
[0.0059 0.0066 0.8689]
[0.0060 0.0065 0.8684]
[0.0060 0.0065 0.8679]
[0.0061 0.0065 0.8674]
[0.0062 0.0065 0.8669]
[0.0062 0.0065 0.8665]
[0.0063 0.0065 0.8660]
[0.0064 0.0065 0.8655]
[0.0064 0.0064 0.8650]
[0.0065 0.0064 0.8646]
[0.0065 0.0064 0.8641]
[0.0065 0.0064 0.8637]
[0.0066 0.0064 0.8632]
[0.0066 0.0064 0.8628]
[0.0067 0.0064 0.8624]
[0.0067 0.0064 0.8619]
[0.0067 0.0064 0.8615]
[0.0068 0.0063 0.8611]
[0.0068 0.0063 0.8607]
[0.0068 0.0063 0.8603]
[0.0069 0.0063 0.8599]
[0.0069 0.0063 0.8595]
[0.0070 0.0063 0.8591]
[0.0070 0.0063 0.8587]
[0.0070 0.0063 0.8583]
[0.0071 0.0063 0.8579]
[0.0071 0.0063 0.8575]
[0.0071 0.0063 0.8571]
[0.0071 0.0062 0.8568]
[0.0072 0.0062 0.8564]
[0.0072 0.0062 0.8560]
[0.0072 0.0062 0.8556]
[0.0072 0.0062 0.8553]
[0.0073 0.0062 0.8549]
[0.0073 0.0062 0.8546]
[0.0073 0.0062 0.8542]
[0.0073 0.0062 0.8538]
[0.0073 0.0062 0.8535]
[0.0074 0.0062 0.8531]
[0.0074 0.0062 0.8528]
[0.0074 0.0061 0.8524]
[0.0075 0.0061 0.8521]
[0.0075 0.0061 0.8517]
[0.0075 0.0061 0.8513]
[0.0075 0.0061 0.8510]
[0.0075 0.0061 0.8507]
[0.0075 0.0061 0.8503]
[0.0075 0.0061 0.8500]
[0.0075 0.0061 0.8497]
[0.0075 0.0061 0.8493]
[0.0075 0.0061 0.8490]
[0.0075 0.0061 0.8487]
[0.0075 0.0060 0.8484]
[0.0075 0.0060 0.8481]
[0.0075 0.0060 0.8478]
[0.0075 0.0060 0.8475]
[0.0075 0.0060 0.8472]
[0.0075 0.0060 0.8469]
[0.0075 0.0060 0.8466]
[0.0075 0.0060 0.8463]
[0.0075 0.0060 0.8460]
[0.0075 0.0060 0.8458]
[0.0075 0.0060 0.8455]
[0.0075 0.0060 0.8452]
[0.0076 0.0060 0.8449]
[0.0076 0.0059 0.8446]
[0.0077 0.0059 0.8443]
[0.0077 0.0059 0.8440]
[0.0078 0.0059 0.8437]
[0.0078 0.0059 0.8434]
[0.0078 0.0059 0.8430]
[0.0079 0.0059 0.8427]
[0.0079 0.0059 0.8424]
[0.0079 0.0059 0.8421]
[0.0079 0.0059 0.8417]
[0.0079 0.0059 0.8414]
[0.0078 0.0058 0.8411]
[0.0078 0.0058 0.8408]
[0.0078 0.0058 0.8405]
[0.0077 0.0058 0.8402]
[0.0069 0.0054 0.8386]
[0.0066 0.0051 0.8390]
[0.0062 0.0049 0.8394]
[0.0057 0.0048 0.8399]
[0.0052 0.0047 0.8403]
[0.0047 0.0047 0.8408]
[0.0042 0.0048 0.8413]
[0.0038 0.0048 0.8419]
[0.0033 0.0049 0.8424]
[0.0029 0.0049 0.8430]
[0.0026 0.0050 0.8436]
[0.0022 0.0051 0.8442]
[0.0019 0.0051 0.8448]
[0.0015 0.0052 0.8455]
[0.0011 0.0052 0.8462]
[0.0008 0.0053 0.8469]
[0.0005 0.0053 0.8476]
[0.0002 0.0053 0.8484]
[-0.0003  0.0051  0.8492]
[-0.0012  0.0045  0.8501]
[-0.0021  0.0040  0.8513]
[-0.0028  0.0037  0.8525]
[-0.0033  0.0034  0.8540]
[-0.0037  0.0032  0.8555]
[-0.0039  0.0031  0.8572]
[-0.0038  0.0030  0.8590]
[-0.0037  0.0030  0.8608]
[-0.0035  0.0029  0.8627]
[-0.0032  0.0029  0.8647]
[-0.0028  0.0029  0.8668]
[-0.0023  0.0029  0.8688]
[-0.0017  0.0029  0.8709]
[-0.0010  0.0030  0.8729]
[-0.0004  0.0030  0.8749]
[0.0002 0.0030 0.8769]
[0.0008 0.0031 0.8789]
[0.0014 0.0031 0.8808]
[0.0020 0.0031 0.8827]
[0.0026 0.0032 0.8846]
[0.0031 0.0032 0.8865]
[0.0036 0.0032 0.8884]
[0.0042 0.0033 0.8902]
[0.0047 0.0033 0.8920]
[0.0052 0.0033 0.8937]
[0.0057 0.0033 0.8954]
[0.0062 0.0033 0.8970]
[0.0066 0.0033 0.8986]
[0.0071 0.0033 0.9002]
[0.0074 0.0032 0.9017]
[0.0078 0.0032 0.9031]
[0.0081 0.0032 0.9046]
[0.0084 0.0032 0.9060]
[0.0087 0.0031 0.9073]
[0.0090 0.0031 0.9086]
[0.0092 0.0030 0.9100]
[0.0094 0.0030 0.9113]
[0.0095 0.0029 0.9125]
[0.0097 0.0029 0.9138]
[0.0099 0.0028 0.9150]
[0.0100 0.0028 0.9163]
[0.0102 0.0027 0.9175]
[0.0103 0.0026 0.9187]
[0.0104 0.0026 0.9198]
[0.0106 0.0025 0.9210]
[0.0107 0.0024 0.9221]
[0.0108 0.0024 0.9232]
[0.0109 0.0023 0.9243]
[0.0110 0.0023 0.9254]
[0.0111 0.0022 0.9265]
[0.0111 0.0022 0.9275]
[0.0112 0.0021 0.9286]
[0.0112 0.0020 0.9296]
[0.0111 0.0020 0.9307]
[0.0111 0.0019 0.9317]
[0.0110 0.0019 0.9328]
[0.0110 0.0018 0.9339]
[0.0110 0.0018 0.9349]
[0.0110 0.0017 0.9359]
[0.0110 0.0017 0.9369]
[0.0110 0.0016 0.9379]
[0.0111 0.0016 0.9389]
[0.0111 0.0015 0.9399]
[0.0111 0.0015 0.9408]
[0.0111 0.0014 0.9417]
[0.0110 0.0014 0.9426]
[0.0109 0.0014 0.9436]
[0.0108 0.0013 0.9445]
[0.0107 0.0013 0.9454]
[0.0105 0.0013 0.9464]
[0.0104 0.0012 0.9474]
[0.0102 0.0012 0.9483]
[0.0098 0.0008 0.9493]
[0.0091 0.0002 0.9504]
[ 0.0085 -0.0003  0.9516]
[ 0.0081 -0.0006  0.9530]
[ 0.0078 -0.0008  0.9545]
[ 0.0076 -0.0010  0.9561]
[ 0.0076 -0.0011  0.9579]
[ 0.0076 -0.0011  0.9597]
[ 0.0076 -0.0011  0.9617]
[ 0.0077 -0.0011  0.9638]
[ 0.0078 -0.0011  0.9660]
[ 0.0080 -0.0011  0.9682]
[ 0.0084 -0.0010  0.9705]
[ 0.0087 -0.0009  0.9727]
[ 0.0091 -0.0008  0.9748]
[ 0.0096 -0.0006  0.9770]
[ 0.0100 -0.0005  0.9791]
[ 0.0103 -0.0003  0.9812]
[ 0.0107 -0.0001  0.9832]
[0.0110 0.0000 0.9852]
[0.0113 0.0002 0.9871]
[0.0117 0.0004 0.9890]
[0.0120 0.0006 0.9907]
[0.0123 0.0007 0.9924]
[0.0125 0.0009 0.9941]
[0.0127 0.0011 0.9956]
[0.0129 0.0012 0.9971]
[0.0130 0.0014 0.9986]
[0.0131 0.0015 1.0001]
[0.0131 0.0016 1.0016]
[0.0132 0.0017 1.0031]
[0.0134 0.0018 1.0046]
[0.0135 0.0019 1.0060]
[0.0136 0.0020 1.0074]
[0.0137 0.0020 1.0088]
[0.0138 0.0020 1.0101]
[0.0139 0.0021 1.0114]
[0.0141 0.0021 1.0127]
[0.0142 0.0021 1.0140]
[0.0143 0.0021 1.0153]
[0.0144 0.0021 1.0165]
[0.0145 0.0021 1.0177]
[0.0146 0.0021 1.0189]
[0.0148 0.0021 1.0200]
[0.0149 0.0021 1.0212]
[0.0150 0.0021 1.0223]
[0.0150 0.0021 1.0235]
[0.0151 0.0021 1.0246]
[0.0152 0.0020 1.0257]
[0.0152 0.0020 1.0267]
[0.0153 0.0020 1.0278]
[0.0154 0.0020 1.0288]
[0.0154 0.0020 1.0298]
[0.0154 0.0019 1.0309]
[0.0155 0.0019 1.0319]
[0.0155 0.0019 1.0328]
[0.0155 0.0019 1.0338]
[0.0155 0.0018 1.0348]
[0.0155 0.0018 1.0357]
[0.0155 0.0018 1.0366]
[0.0154 0.0018 1.0376]
[0.0154 0.0018 1.0385]
[0.0154 0.0017 1.0394]
[0.0153 0.0017 1.0403]
[0.0153 0.0017 1.0412]
[0.0152 0.0017 1.0420]
[0.0152 0.0017 1.0429]
[0.0151 0.0017 1.0438]
[0.0150 0.0016 1.0446]
[0.0150 0.0016 1.0455]
[0.0149 0.0016 1.0463]
[0.0148 0.0016 1.0471]
[0.0147 0.0016 1.0479]
[0.0146 0.0016 1.0487]
[0.0146 0.0016 1.0495]
[0.0141 0.0012 1.0503]
[0.0134 0.0006 1.0511]
[0.0128 0.0001 1.0522]
[ 0.0124 -0.0003  1.0534]
[ 0.0121 -0.0005  1.0547]
[ 0.0120 -0.0007  1.0562]
[ 0.0119 -0.0008  1.0578]
[ 0.0119 -0.0009  1.0595]
[ 0.0120 -0.0010  1.0613]
[ 0.0121 -0.0010  1.0631]
[ 0.0123 -0.0010  1.0649]
[ 0.0125 -0.0010  1.0667]
[ 0.0127 -0.0010  1.0686]
[ 0.0129 -0.0009  1.0705]
[ 0.0131 -0.0009  1.0723]
[ 0.0134 -0.0008  1.0741]
[ 0.0136 -0.0007  1.0759]
[ 0.0138 -0.0005  1.0777]
[ 0.0140 -0.0004  1.0794]
[ 0.0142 -0.0003  1.0811]
[ 0.0144 -0.0001  1.0828]
[0.0145 0.0000 1.0844]
[0.0146 0.0002 1.0861]
[0.0148 0.0003 1.0876]
[0.0149 0.0005 1.0892]
[0.0150 0.0006 1.0907]
[0.0151 0.0007 1.0921]
[0.0151 0.0008 1.0935]
[0.0152 0.0009 1.0949]
[0.0153 0.0009 1.0963]
[0.0153 0.0010 1.0976]
[0.0154 0.0010 1.0990]
[0.0154 0.0010 1.1003]
[0.0155 0.0010 1.1015]
[0.0155 0.0010 1.1028]
[0.0155 0.0010 1.1040]
[0.0156 0.0010 1.1052]
[0.0156 0.0010 1.1064]
[0.0156 0.0010 1.1076]
[0.0157 0.0010 1.1088]
[0.0157 0.0010 1.1100]
[0.0157 0.0011 1.1111]
[0.0158 0.0011 1.1122]
[0.0158 0.0011 1.1134]
[0.0158 0.0011 1.1145]
[0.0157 0.0011 1.1157]
[0.0157 0.0011 1.1169]
[0.0157 0.0011 1.1181]
[0.0156 0.0011 1.1193]
[0.0156 0.0011 1.1205]
[0.0156 0.0011 1.1217]
[0.0156 0.0011 1.1230]
[0.0155 0.0011 1.1243]
[0.0155 0.0011 1.1256]
[0.0154 0.0011 1.1269]
[0.0153 0.0011 1.1282]
[0.0153 0.0011 1.1296]
[0.0152 0.0011 1.1309]
[0.0152 0.0011 1.1322]
[0.0153 0.0011 1.1335]
[0.0153 0.0011 1.1347]
[0.0153 0.0011 1.1359]
[0.0154 0.0011 1.1370]
[0.0154 0.0011 1.1381]
[0.0154 0.0011 1.1391]
[0.0154 0.0011 1.1401]
[0.0154 0.0011 1.1411]
[0.0154 0.0011 1.1420]
[0.0154 0.0011 1.1429]
[0.0153 0.0011 1.1437]
[0.0153 0.0011 1.1445]
[0.0152 0.0011 1.1453]
[0.0151 0.0011 1.1461]
[0.0151 0.0011 1.1469]
[0.0150 0.0011 1.1477]
[0.0149 0.0011 1.1484]
[0.0148 0.0011 1.1492]
[0.0149 0.0013 1.1502]
[0.0151 0.0017 1.1516]
[0.0153 0.0023 1.1530]
[0.0154 0.0030 1.1543]
[0.0156 0.0039 1.1556]
[0.0157 0.0048 1.1568]
[0.0158 0.0059 1.1580]
[0.0159 0.0069 1.1592]
[0.0159 0.0080 1.1604]
[0.0160 0.0091 1.1615]
[0.0160 0.0102 1.1625]
[0.0160 0.0112 1.1635]
[0.0161 0.0122 1.1644]
[0.0161 0.0133 1.1653]
[0.0161 0.0143 1.1661]
[0.0161 0.0152 1.1669]
[0.0161 0.0162 1.1676]
[0.0161 0.0171 1.1682]
[0.0160 0.0180 1.1688]
[0.0160 0.0189 1.1694]
[0.0159 0.0197 1.1699]
[0.0159 0.0205 1.1704]
[0.0158 0.0213 1.1709]
[0.0157 0.0220 1.1714]
[0.0156 0.0227 1.1718]
[0.0157 0.0236 1.1725]
[0.0158 0.0247 1.1736]
[0.0160 0.0260 1.1748]
[0.0161 0.0275 1.1759]
[0.0163 0.0291 1.1769]
[0.0164 0.0308 1.1779]
[0.0166 0.0325 1.1789]
[0.0168 0.0343 1.1798]
[0.0169 0.0360 1.1806]
[0.0171 0.0378 1.1814]
[0.0172 0.0395 1.1821]
[0.0173 0.0412 1.1828]
[0.0175 0.0428 1.1834]
[0.0175 0.0445 1.1839]
[0.0176 0.0461 1.1844]
[0.0177 0.0476 1.1848]
[0.0177 0.0491 1.1852]
[0.0177 0.0507 1.1856]
[0.0177 0.0522 1.1859]
[0.0177 0.0536 1.1862]
[0.0177 0.0550 1.1865]
[0.0177 0.0563 1.1868]
[0.0176 0.0576 1.1870]
[0.0176 0.0589 1.1873]
[0.0175 0.0601 1.1875]
[0.0174 0.0613 1.1877]
[0.0174 0.0624 1.1879]
[0.0173 0.0636 1.1882]
[0.0172 0.0647 1.1884]
[0.0171 0.0658 1.1886]
[0.0170 0.0668 1.1888]
[0.0169 0.0678 1.1890]
[0.0168 0.0688 1.1893]
[0.0167 0.0698 1.1895]
[0.0166 0.0707 1.1897]
[0.0165 0.0716 1.1900]
[0.0164 0.0725 1.1902]
[0.0163 0.0734 1.1904]
[0.0162 0.0742 1.1907]
[0.0160 0.0751 1.1910]
[0.0159 0.0760 1.1913]
[0.0158 0.0769 1.1916]
[0.0156 0.0777 1.1919]
[0.0155 0.0785 1.1922]
[0.0154 0.0793 1.1925]
[0.0153 0.0801 1.1928]
[0.0152 0.0809 1.1931]
[0.0151 0.0817 1.1934]
[0.0150 0.0824 1.1937]
[0.0149 0.0831 1.1941]
[0.0149 0.0840 1.1947]
[0.0150 0.0852 1.1958]
[0.0151 0.0865 1.1968]
[0.0153 0.0881 1.1979]
[0.0154 0.0897 1.1989]
[0.0156 0.0914 1.1999]
[0.0158 0.0932 1.2008]
[0.0160 0.0949 1.2016]
[0.0161 0.0966 1.2024]
[0.0163 0.0983 1.2031]
[0.0164 0.1000 1.2038]
[0.0166 0.1016 1.2044]
[0.0167 0.1033 1.2050]
[0.0168 0.1049 1.2055]
[0.0170 0.1064 1.2059]
[0.0171 0.1080 1.2063]
[0.0171 0.1095 1.2066]
[0.0172 0.1109 1.2069]
[0.0173 0.1124 1.2072]
[0.0174 0.1138 1.2074]
[0.0174 0.1152 1.2076]
[0.0174 0.1166 1.2078]
[0.0175 0.1179 1.2079]
[0.0175 0.1192 1.2080]
[0.0175 0.1205 1.2081]
[0.0175 0.1217 1.2082]
[0.0175 0.1229 1.2083]
[0.0175 0.1241 1.2083]
[0.0174 0.1253 1.2084]
[0.0174 0.1264 1.2084]
[0.0174 0.1275 1.2084]
[0.0173 0.1286 1.2084]
[0.0172 0.1297 1.2085]
[0.0172 0.1307 1.2085]
[0.0171 0.1318 1.2085]
[0.0170 0.1328 1.2086]
[0.0170 0.1338 1.2086]
[0.0169 0.1348 1.2086]
[0.0168 0.1358 1.2087]
[0.0167 0.1367 1.2087]
[0.0166 0.1377 1.2088]
[0.0165 0.1387 1.2089]
[0.0164 0.1396 1.2089]
[0.0163 0.1405 1.2090]
[0.0162 0.1414 1.2091]
[0.0161 0.1423 1.2092]
[0.0159 0.1432 1.2093]
[0.0158 0.1441 1.2094]
[0.0157 0.1450 1.2095]
[0.0156 0.1459 1.2096]
[0.0155 0.1467 1.2097]
[0.0154 0.1476 1.2098]
[0.0153 0.1485 1.2099]
[0.0152 0.1494 1.2101]
[0.0150 0.1503 1.2102]
[0.0149 0.1513 1.2104]
[0.0148 0.1522 1.2105]
[0.0147 0.1531 1.2107]
[0.0146 0.1540 1.2108]
[0.0145 0.1548 1.2110]
[0.0143 0.1557 1.2111]
[0.0144 0.1567 1.2113]
[0.0147 0.1580 1.2116]
[0.0150 0.1595 1.2119]
[0.0152 0.1612 1.2122]
[0.0154 0.1629 1.2125]
[0.0156 0.1646 1.2127]
[0.0157 0.1664 1.2128]
[0.0158 0.1682 1.2130]
[0.0158 0.1700 1.2130]
[0.0159 0.1717 1.2131]
[0.0159 0.1734 1.2131]
[0.0159 0.1751 1.2131]
[0.0159 0.1767 1.2130]
[0.0159 0.1783 1.2130]
[0.0158 0.1799 1.2129]
[0.0158 0.1814 1.2128]
[0.0158 0.1829 1.2128]
[0.0157 0.1844 1.2127]
[0.0156 0.1858 1.2126]
[0.0156 0.1872 1.2125]
[0.0155 0.1886 1.2125]
[0.0155 0.1899 1.2124]
[0.0154 0.1912 1.2124]
[0.0153 0.1925 1.2123]
[0.0153 0.1938 1.2123]
[0.0152 0.1950 1.2123]
[0.0152 0.1963 1.2123]
[0.0151 0.1975 1.2123]
[0.0150 0.1987 1.2123]
[0.0150 0.1998 1.2124]
[0.0149 0.2010 1.2124]
[0.0149 0.2022 1.2125]
[0.0148 0.2034 1.2126]
[0.0148 0.2045 1.2127]
[0.0147 0.2057 1.2128]
[0.0147 0.2068 1.2129]
[0.0146 0.2079 1.2130]
[0.0146 0.2090 1.2131]
[0.0145 0.2101 1.2132]
[0.0145 0.2112 1.2134]
[0.0144 0.2123 1.2135]
[0.0144 0.2133 1.2136]
[0.0144 0.2143 1.2138]
[0.0143 0.2154 1.2139]
[0.0143 0.2164 1.2141]
[0.0142 0.2175 1.2142]
[0.0142 0.2185 1.2144]
[0.0141 0.2194 1.2145]
[0.0141 0.2204 1.2146]
[0.0140 0.2213 1.2148]
[0.0140 0.2222 1.2149]
[0.0139 0.2231 1.2150]
[0.0138 0.2240 1.2151]
[0.0138 0.2248 1.2152]
[0.0137 0.2256 1.2153]
[0.0137 0.2264 1.2154]
[0.0136 0.2272 1.2155]
[0.0136 0.2280 1.2156]
[0.0135 0.2288 1.2157]
[0.0131 0.2297 1.2157]
[0.0121 0.2309 1.2156]
[0.0106 0.2320 1.2151]
[0.0088 0.2331 1.2145]
[0.0068 0.2342 1.2138]
[0.0049 0.2353 1.2130]
[0.0030 0.2366 1.2123]
[0.0013 0.2379 1.2117]
[-0.0004  0.2392  1.2111]
[-0.0019  0.2406  1.2105]
[-0.0034  0.2420  1.2099]
[-0.0048  0.2434  1.2093]
[-0.0062  0.2447  1.2086]
[-0.0075  0.2459  1.2078]
[-0.0088  0.2471  1.2071]
[-0.0099  0.2483  1.2064]
[-0.0108  0.2496  1.2057]
[-0.0115  0.2508  1.2052]
[-0.0120  0.2520  1.2046]
[-0.0125  0.2531  1.2041]
[-0.0130  0.2543  1.2035]
[-0.0133  0.2554  1.2030]
[-0.0136  0.2566  1.2025]
[-0.0140  0.2576  1.2020]
[-0.0143  0.2586  1.2014]
[-0.0145  0.2596  1.2009]
[-0.0146  0.2606  1.2006]
[-0.0146  0.2616  1.2003]
[-0.0146  0.2625  1.2001]
[-0.0146  0.2634  1.1999]
[-0.0145  0.2643  1.1999]
[-0.0143  0.2652  1.1999]
[-0.0141  0.2659  1.1999]
[-0.0138  0.2667  1.2001]
[-0.0135  0.2673  1.2003]
[-0.0131  0.2678  1.2006]
[-0.0127  0.2683  1.2010]
[-0.0121  0.2687  1.2015]
[-0.0115  0.2690  1.2020]
[-0.0107  0.2691  1.2026]
[-0.0099  0.2692  1.2032]
[-0.0090  0.2691  1.2039]
[-0.0080  0.2689  1.2046]
[-0.0070  0.2686  1.2053]
[-0.0059  0.2682  1.2060]
[-0.0048  0.2677  1.2067]
[-0.0036  0.2670  1.2075]
[-0.0022  0.2663  1.2083]
[-0.0008  0.2654  1.2091]
[0.0007 0.2645 1.2098]
[0.0022 0.2635 1.2106]
[0.0038 0.2625 1.2114]
[0.0054 0.2613 1.2121]
[0.0071 0.2600 1.2127]
[0.0088 0.2586 1.2133]
[0.0105 0.2570 1.2137]
[0.0122 0.2554 1.2140]
[0.0137 0.2536 1.2142]
[0.0152 0.2518 1.2142]
[0.0166 0.2499 1.2141]
[0.0178 0.2479 1.2138]
[0.0188 0.2459 1.2134]
[0.0197 0.2438 1.2128]
[0.0204 0.2418 1.2120]
[0.0208 0.2398 1.2112]
[0.0211 0.2378 1.2102]
[0.0212 0.2359 1.2091]
[0.0211 0.2341 1.2079]
[0.0209 0.2324 1.2067]
[0.0204 0.2308 1.2054]
[0.0199 0.2293 1.2041]
[0.0192 0.2281 1.2029]
[0.0184 0.2269 1.2017]
[0.0176 0.2260 1.2006]
[0.0168 0.2252 1.1995]
[0.0159 0.2246 1.1986]
[0.0150 0.2242 1.1977]
[0.0140 0.2239 1.1970]
[0.0131 0.2238 1.1963]
[0.0121 0.2239 1.1957]
[0.0112 0.2240 1.1952]
[0.0102 0.2244 1.1948]
[0.0092 0.2249 1.1945]
[0.0082 0.2256 1.1943]
[0.0072 0.2264 1.1942]
[0.0063 0.2273 1.1942]
[0.0055 0.2282 1.1942]
[0.0047 0.2292 1.1943]
[0.0039 0.2302 1.1944]
[0.0032 0.2313 1.1946]
[0.0026 0.2324 1.1948]
[0.0020 0.2335 1.1950]
[0.0014 0.2346 1.1953]
[0.0009 0.2357 1.1955]
[0.0004 0.2367 1.1957]
[-0.0000  0.2377  1.1959]
[-0.0004  0.2387  1.1961]
[-0.0008  0.2396  1.1963]
[-0.0011  0.2405  1.1964]
[-0.0015  0.2413  1.1966]
[-0.0018  0.2420  1.1967]
[-0.0021  0.2427  1.1967]
[-0.0024  0.2434  1.1968]
[-0.0027  0.2441  1.1969]
[-0.0030  0.2448  1.1970]
[-0.0033  0.2455  1.1971]
[-0.0035  0.2462  1.1972]
[-0.0038  0.2468  1.1972]
[-0.0040  0.2474  1.1973]
[-0.0043  0.2480  1.1973]
[-0.0045  0.2486  1.1973]
[-0.0048  0.2492  1.1973]
[-0.0050  0.2496  1.1973]
[-0.0051  0.2500  1.1973]
[-0.0053  0.2504  1.1972]
[-0.0055  0.2507  1.1971]
[-0.0056  0.2511  1.1970]
[-0.0058  0.2514  1.1969]
[-0.0060  0.2516  1.1968]
[-0.0061  0.2518  1.1966]
[-0.0062  0.2519  1.1965]
[-0.0063  0.2520  1.1963]
[-0.0063  0.2520  1.1961]
[-0.0064  0.2520  1.1959]
[-0.0064  0.2520  1.1957]
[-0.0065  0.2520  1.1955]
[-0.0065  0.2519  1.1953]
[-0.0065  0.2519  1.1952]
[-0.0065  0.2518  1.1951]
[-0.0064  0.2517  1.1950]
[-0.0064  0.2517  1.1950]
[-0.0064  0.2516  1.1950]
[-0.0063  0.2515  1.1951]
[-0.0063  0.2514  1.1952]
[-0.0062  0.2514  1.1953]
[-0.0061  0.2513  1.1954]
[-0.0060  0.2512  1.1956]
[-0.0059  0.2512  1.1958]
[-0.0058  0.2511  1.1960]
[-0.0057  0.2511  1.1963]
[-0.0056  0.2510  1.1965]
[-0.0054  0.2509  1.1968]
[-0.0053  0.2509  1.1971]
[-0.0051  0.2508  1.1974]
[-0.0049  0.2508  1.1977]
[-0.0048  0.2507  1.1980]
[-0.0046  0.2507  1.1984]
[-0.0044  0.2506  1.1987]
[-0.0041  0.2505  1.1990]
[-0.0039  0.2505  1.1993]
[-0.0037  0.2504  1.1996]
[-0.0034  0.2503  1.2000]
[-0.0032  0.2502  1.2002]
[-0.0030  0.2502  1.2005]
[-0.0027  0.2501  1.2008]
[-0.0025  0.2500  1.2011]
[-0.0022  0.2499  1.2013]
[-0.0020  0.2498  1.2016]
[-0.0017  0.2497  1.2018]
[-0.0015  0.2496  1.2020]
[-0.0012  0.2495  1.2023]
[-0.0010  0.2494  1.2024]
[-0.0008  0.2493  1.2026]
[-0.0005  0.2492  1.2028]
[-0.0003  0.2491  1.2029]
[-0.0001  0.2490  1.2030]
[0.0001 0.2489 1.2031]
[0.0003 0.2488 1.2032]
[0.0005 0.2487 1.2033]
[0.0008 0.2485 1.2034]
[0.0010 0.2484 1.2035]
[0.0012 0.2482 1.2036]
[0.0014 0.2480 1.2036]
[0.0016 0.2479 1.2037]
[0.0018 0.2477 1.2037]
[0.0019 0.2475 1.2037]
[0.0021 0.2473 1.2037]
[0.0023 0.2471 1.2037]
[0.0025 0.2469 1.2037]
[0.0026 0.2467 1.2037]
[0.0028 0.2465 1.2038]
[0.0030 0.2463 1.2038]
[0.0032 0.2461 1.2037]
[0.0033 0.2458 1.2037]
[0.0035 0.2456 1.2037]
[0.0037 0.2454 1.2036]
[0.0038 0.2451 1.2035]
[0.0039 0.2449 1.2034]
[0.0041 0.2446 1.2033]
[0.0043 0.2444 1.2032]
[0.0044 0.2441 1.2031]
[0.0046 0.2438 1.2031]
[0.0048 0.2436 1.2031]
[0.0050 0.2433 1.2030]
[0.0051 0.2431 1.2030]
[0.0053 0.2428 1.2029]
[0.0054 0.2426 1.2029]
[0.0056 0.2423 1.2028]
[0.0057 0.2421 1.2028]
[0.0059 0.2419 1.2028]
[0.0060 0.2417 1.2027]
[0.0061 0.2415 1.2027]
[0.0062 0.2413 1.2027]
[0.0064 0.2411 1.2026]
[0.0065 0.2409 1.2026]
[0.0066 0.2407 1.2026]
[0.0067 0.2406 1.2025]
[0.0068 0.2404 1.2025]
[0.0069 0.2403 1.2025]
[0.0070 0.2401 1.2025]
[0.0071 0.2400 1.2024]
[0.0071 0.2399 1.2024]
[0.0072 0.2397 1.2024]
[0.0073 0.2396 1.2023]
[0.0074 0.2395 1.2023]
[0.0075 0.2394 1.2023]
[0.0075 0.2393 1.2022]
[0.0076 0.2393 1.2022]
[0.0076 0.2392 1.2022]
[0.0077 0.2391 1.2022]
[0.0078 0.2390 1.2021]
[0.0078 0.2390 1.2021]
[0.0079 0.2389 1.2020]
[0.0079 0.2388 1.2020]
[0.0079 0.2388 1.2020]
[0.0080 0.2387 1.2019]
[0.0080 0.2386 1.2019]
[0.0081 0.2386 1.2019]
[0.0081 0.2385 1.2018]
[0.0082 0.2385 1.2018]
[0.0082 0.2384 1.2018]
[0.0082 0.2384 1.2017]
[0.0083 0.2383 1.2017]
[0.0083 0.2383 1.2017]
[0.0083 0.2382 1.2016]
[0.0083 0.2382 1.2015]
[0.0084 0.2381 1.2015]
[0.0084 0.2381 1.2014]
[0.0084 0.2380 1.2014]
[0.0085 0.2379 1.2013]
[0.0085 0.2379 1.2013]
[0.0086 0.2378 1.2012]
[0.0086 0.2377 1.2012]
[0.0087 0.2376 1.2012]
[0.0087 0.2376 1.2011]
[0.0088 0.2375 1.2011]
[0.0088 0.2374 1.2010]
[0.0088 0.2373 1.2010]
[0.0089 0.2372 1.2010]
[0.0089 0.2371 1.2009]
[0.0090 0.2370 1.2009]
[0.0090 0.2369 1.2008]
[0.0091 0.2369 1.2008]
[0.0091 0.2368 1.2007]
[0.0092 0.2367 1.2007]
[0.0092 0.2365 1.2006]
[0.0093 0.2364 1.2006]
[0.0093 0.2363 1.2005]
[0.0094 0.2362 1.2005]
[0.0095 0.2361 1.2005]
[0.0095 0.2360 1.2004]
[0.0096 0.2359 1.2004]
[0.0097 0.2357 1.2004]
[0.0097 0.2356 1.2003]
[0.0098 0.2355 1.2003]
[0.0098 0.2354 1.2003]
[0.0099 0.2353 1.2002]
[0.0100 0.2352 1.2002]
[0.0100 0.2351 1.2002]
[0.0101 0.2350 1.2001]
[0.0101 0.2348 1.2001]
[0.0102 0.2347 1.2001]
[0.0102 0.2346 1.2000]
[0.0103 0.2345 1.2000]
[0.0103 0.2345 1.1999]
[0.0103 0.2344 1.1999]
[0.0104 0.2343 1.1999]
[0.0105 0.2342 1.1998]
[0.0105 0.2341 1.1998]
[0.0106 0.2340 1.1998]
[0.0106 0.2339 1.1998]
[0.0107 0.2338 1.1997]
[0.0107 0.2337 1.1997]
[0.0108 0.2336 1.1997]
[0.0108 0.2335 1.1996]
[0.0108 0.2335 1.1996]
[0.0109 0.2334 1.1995]
[0.0109 0.2333 1.1995]
[0.0109 0.2332 1.1995]
[0.0110 0.2332 1.1994]
[0.0110 0.2331 1.1994]
[0.0111 0.2330 1.1994]
[0.0111 0.2329 1.1993]
[0.0111 0.2329 1.1993]
[0.0112 0.2328 1.1993]
[0.0112 0.2327 1.1993]
[0.0112 0.2327 1.1992]
[0.0113 0.2326 1.1992]
[0.0113 0.2326 1.1992]
[0.0113 0.2325 1.1991]
[0.0113 0.2325 1.1991]
[0.0114 0.2324 1.1991]
[0.0114 0.2324 1.1991]
[0.0114 0.2323 1.1990]
[0.0114 0.2323 1.1990]
[0.0114 0.2322 1.1990]
[0.0115 0.2322 1.1990]
