0.000000000000000000e+00 0.000000000000000000e+00 0.000000000000000000e+00
-6.906407961207573776e-02 -9.577516449331749393e-02 9.952532510155203127e-01
-6.873370982407092655e-02 -9.556271764802012902e-02 9.952504968234694438e-01
-6.772959975953495027e-02 -9.513011507266770639e-02 9.952275808103229204e-01
-6.615161686091253213e-02 -9.481300130026087958e-02 9.951379490208981382e-01
-6.412050796255749918e-02 -9.467597731915494697e-02 9.949347913016809430e-01
-6.175135925702185391e-02 -9.467787242627488664e-02 9.946136967296873577e-01
-5.919547639445676968e-02 -9.480747935928583725e-02 9.941842048278430877e-01
-5.657070081394814653e-02 -9.503463046148498405e-02 9.936587297752034198e-01
-5.395232495660431948e-02 -9.532225267623528620e-02 9.930471642189147019e-01
-5.127027115989092609e-02 -9.565792434045082560e-02 9.923353041058841084e-01
-4.855069527645121397e-02 -9.603415457918229592e-02 9.915268459056045813e-01
-4.591820880435763808e-02 -9.643575944182272708e-02 9.906465836721308760e-01
-4.336551229574227978e-02 -9.686245596564031779e-02 9.896936607953222831e-01
-4.087863411671054797e-02 -9.732045801803934637e-02 9.886681376798552856e-01
-3.840051183725985001e-02 -9.781940669936892152e-02 9.875609080444213150e-01
-3.593821861234273995e-02 -9.836038766870233707e-02 9.863750137124395190e-01
-3.351781103091568126e-02 -9.894524136592806884e-02 9.851159548732756344e-01
-3.111202344834793077e-02 -9.958084424697151438e-02 9.837750424713627151e-01
-2.875725852896050816e-02 -1.002596118838472578e-01 9.823624700431693446e-01
-2.647959796166887009e-02 -1.009728657149638331e-01 9.808895238995886112e-01
-2.441970290400961863e-02 -1.017164923296233481e-01 9.794021157873262773e-01
-2.271480277179434640e-02 -1.024721722949812897e-01 9.779596431055291861e-01
-2.117511209012580206e-02 -1.032347439305059678e-01 9.765250118222088549e-01
-1.963517316632774207e-02 -1.040129089375246008e-01 9.750546548542771141e-01
-1.818429675888016614e-02 -1.047921732999919225e-01 9.735859879802468697e-01
-1.691785981269957467e-02 -1.055522078155179677e-01 9.721588930773557014e-01
-1.579560328987788739e-02 -1.062892473473254357e-01 9.707687375962292808e-01
-1.477357848117642064e-02 -1.070017689701763808e-01 9.694177719338239463e-01
-1.383530380351534993e-02 -1.076902326916764074e-01 9.681135004504581865e-01
-1.296418547095727451e-02 -1.083556215231930991e-01 9.668510275518873431e-01
-1.212899904680486696e-02 -1.090021669653031683e-01 9.656240019535613506e-01
-1.126197973217755825e-02 -1.096419136577870268e-01 9.644098231108687580e-01
-1.032988741233695391e-02 -1.102802978909714487e-01 9.631907538384463230e-01
-9.350961764289015404e-03 -1.109197635526041892e-01 9.619686572323263851e-01
-8.356497251792339639e-03 -1.115561328066826396e-01 9.607485676657318008e-01
-7.341713188479427957e-03 -1.121867308819971959e-01 9.595277064253439070e-01
-6.367715086225210486e-03 -1.128011262966767403e-01 9.583207674838912782e-01
-5.509379185795343532e-03 -1.133740868941870983e-01 9.571485015275281727e-01
-4.709599769172792376e-03 -1.138885559061238728e-01 9.560026964431310725e-01
-3.893526090227254939e-03 -1.143668150912889453e-01 9.548667168203616162e-01
-3.083929420868246514e-03 -1.148084205105247974e-01 9.537416645566823004e-01
-2.314298241114023068e-03 -1.151963370716271584e-01 9.526372785756282990e-01
-1.533411713779822723e-03 -1.155425891513709447e-01 9.515423550651480600e-01
-6.988374611361916275e-04 -1.158669789387222759e-01 9.504414875368691895e-01
1.576980397402644174e-04 -1.161617133139782598e-01 9.493368851194291524e-01
9.527257101997928246e-04 -1.164057125739594717e-01 9.482526154671181429e-01
1.658942695769029252e-03 -1.165876854409311908e-01 9.472008052306930548e-01
2.352721408865790509e-03 -1.167163872336230146e-01 9.461621950264156311e-01
3.088081654330121668e-03 -1.168169201097979393e-01 9.451221488915311220e-01
3.860689228824752163e-03 -1.168981796220446012e-01 9.440781562152862350e-01
4.618303732559777414e-03 -1.169495896894727494e-01 9.430421035580333067e-01
5.313437281199064749e-03 -1.169741722994951660e-01 9.420258081692083341e-01
5.963916737193323409e-03 -1.169786752978256433e-01 9.410320072552518234e-01
6.607828251007345603e-03 -1.169798134323779826e-01 9.400523211034936821e-01
7.297761847952537011e-03 -1.169945325277699927e-01 9.390683260672235688e-01
8.034751118717157331e-03 -1.170224826442542443e-01 9.380773130354762568e-01
8.759466474948766554e-03 -1.170485362577071559e-01 9.370949109998536475e-01
9.464757224841434391e-03 -1.170697815909682721e-01 9.361235281037864064e-01
1.014659086741570224e-02 -1.170892315096478675e-01 9.351631387535246365e-01
1.078908619017054406e-02 -1.171039856771520921e-01 9.342215950070703601e-01
1.141134048597545851e-02 -1.171197488124043617e-01 9.332967555536223481e-01
1.200451679644115241e-02 -1.171386553225127053e-01 9.323919502380672020e-01
1.259843586414475559e-02 -1.171629058384489747e-01 9.314975756746445290e-01
1.324058069377689537e-02 -1.171913030731699112e-01 9.306010828914350608e-01
1.392461779561283280e-02 -1.172211716459090336e-01 9.297022744329566102e-01
1.464270928834680158e-02 -1.172520297411368539e-01 9.288003529848348760e-01
1.533829279626977050e-02 -1.172806923946020513e-01 9.279089983313494328e-01
1.599147740655132779e-02 -1.173067478259307711e-01 9.270330109860869250e-01
1.663191117175510242e-02 -1.173315328660664569e-01 9.261646403988139653e-01
1.726037097022104297e-02 -1.173555304374163805e-01 9.253078055590828743e-01
1.789499642458825673e-02 -1.173801645358394374e-01 9.244565833154699819e-01
1.853748056092520066e-02 -1.174061629084516833e-01 9.236084216571893712e-01
1.920328760452312197e-02 -1.174365894611006655e-01 9.227602533866563483e-01
1.990009763609178889e-02 -1.174762601682334678e-01 9.219074985043331782e-01
2.057698807298593766e-02 -1.175159033916707285e-01 9.210598723925741416e-01
2.121098088802993512e-02 -1.175488820962463099e-01 9.202236971877919558e-01
2.184679698337790160e-02 -1.175849865037500580e-01 9.193894835312487190e-01
2.249202336618024572e-02 -1.176284646931462369e-01 9.185568440474894958e-01
2.310648976321692458e-02 -1.176740735442864116e-01 9.177366844617307340e-01
2.364567524191883360e-02 -1.177125614089451072e-01 9.169426722414166786e-01
2.411978742895581201e-02 -1.177479170885494669e-01 9.161754994435921118e-01
2.455063231174469535e-02 -1.177889908901826738e-01 9.154333486468130276e-01
2.494062684413424213e-02 -1.178372684013497262e-01 9.147203794638085750e-01
2.529013860619978155e-02 -1.178914895387545847e-01 9.140397250978417043e-01
2.561263046035905031e-02 -1.179548887722859096e-01 9.133897348865851473e-01
2.592143674769887413e-02 -1.180300875388538284e-01 9.127679938006479921e-01
2.622574071527707801e-02 -1.181163255060706796e-01 9.121729934036587606e-01
2.652611874093324315e-02 -1.182126257357255933e-01 9.116041819091545984e-01
2.682377842781744764e-02 -1.183186399786380905e-01 9.110587786284372047e-01
2.712428887686592349e-02 -1.184331016858706231e-01 9.105341088905652969e-01
2.744021529034806894e-02 -1.185565221803446256e-01 9.100283879335160364e-01
2.776853368241501141e-02 -1.186917224716166203e-01 9.095408877477345611e-01
2.810323862892236818e-02 -1.188380516611352161e-01 9.090691974387731245e-01
2.846550343543973946e-02 -1.189969849299660209e-01 9.086051884627389663e-01
2.887927334359732118e-02 -1.191756950807019433e-01 9.081372365359101639e-01
2.934367129738417804e-02 -1.193743838900163667e-01 9.076626563747934862e-01
2.984976500195737903e-02 -1.195904042921267368e-01 9.071798937939723473e-01
3.038491993489600418e-02 -1.198191820296446441e-01 9.066902678215129630e-01
3.089384637496709468e-02 -1.200713368126147401e-01 9.062022697205833754e-01
3.128775478753577366e-02 -1.203863335244290678e-01 9.057118553224239310e-01
3.164637545153139303e-02 -1.207483891279613475e-01 9.052598120215982203e-01
3.201121355752255954e-02 -1.211085441861662615e-01 9.048400746325750976e-01
3.235460191010091496e-02 -1.214238446395749654e-01 9.044239057810579130e-01
3.267854780723034730e-02 -1.217184246998263553e-01 9.040060829749327898e-01
3.299945821682927216e-02 -1.220055886995318056e-01 9.035799681841892861e-01
3.331977339380715053e-02 -1.222843863603892967e-01 9.031443505746337141e-01
3.365621039881727672e-02 -1.225619061290659367e-01 9.026940416572100112e-01
3.401675991919431152e-02 -1.228402841765775522e-01 9.022270081835614963e-01
3.440120124248284561e-02 -1.231189817823169913e-01 9.017417609157706293e-01
3.478253791738893097e-02 -1.233902918858300612e-01 9.012430142061070848e-01
3.511879832469043394e-02 -1.236413079798013015e-01 9.007405344728348640e-01
3.540963866215122990e-02 -1.238761585540868737e-01 9.002369255200459719e-01
3.566427772275062441e-02 -1.240979205058162504e-01 8.997351882476918306e-01
3.591310548780116130e-02 -1.243131686150953930e-01 8.992300422351313660e-01
3.618587841474421585e-02 -1.245290408131708715e-01 8.987128321052741953e-01
3.647312205753958786e-02 -1.247434557096745306e-01 8.981838953723346730e-01
3.677497772858730196e-02 -1.249566217639571097e-01 8.976420423468109977e-01
3.708968759961822625e-02 -1.251675119745726816e-01 8.970880724742368306e-01
3.739549270770661793e-02 -1.253703044196842753e-01 8.965280300187081775e-01
3.768912712571924339e-02 -1.255634641251407446e-01 8.959645764505038690e-01
3.795781810729358108e-02 -1.257444724790845181e-01 8.954007515918261939e-01
3.818596677757179342e-02 -1.259104607384207153e-01 8.948442667168737819e-01
3.838437999363086828e-02 -1.260639781841818019e-01 8.942974757765846938e-01
3.856787415201909375e-02 -1.262093718324875380e-01 8.937559673519172021e-01
3.875210629142245011e-02 -1.263504585050023166e-01 8.932149655408874178e-01
3.893661592453725312e-02 -1.264885242873794169e-01 8.926750732115350528e-01
3.912141976834286605e-02 -1.266220766501209571e-01 8.921393338914904714e-01
3.930293226178839527e-02 -1.267492903063519860e-01 8.916080839339621811e-01
3.947115437241622421e-02 -1.268681129961266585e-01 8.910868276181120873e-01
3.962722722611677212e-02 -1.269785719234257648e-01 8.905766417142056968e-01
3.977980492804040341e-02 -1.270830592351251953e-01 8.900737952172054213e-01
3.991493363053559562e-02 -1.271800943558636376e-01 8.895880243389789888e-01
4.001327237147091903e-02 -1.272684259784271077e-01 8.891253809118534468e-01
4.007999172498055707e-02 -1.273457840504857996e-01 8.886850994430952611e-01
4.012855360748748823e-02 -1.274132464330585135e-01 8.882667084107485067e-01
4.017803435052026001e-02 -1.274751447931519177e-01 8.878679725790359356e-01
4.025147890473870088e-02 -1.275374797646522951e-01 8.874806249141234948e-01
4.035772516791284042e-02 -1.276026462836754582e-01 8.870988702694675432e-01
4.049225227579509451e-02 -1.276695414090342207e-01 8.867236242578155903e-01
4.065117981963136534e-02 -1.277386807401556523e-01 8.863531084728932807e-01
4.082432270494858184e-02 -1.278085458430505972e-01 8.859857456661300867e-01
4.100468937363835331e-02 -1.278760153476515005e-01 8.856235451994779462e-01
4.116998457794796701e-02 -1.279376349566050119e-01 8.852714138423608548e-01
4.129629694505982523e-02 -1.279891121616053007e-01 8.849341908557269987e-01
4.140049068735499049e-02 -1.280334227120623891e-01 8.846106351303293369e-01
4.149741274438206728e-02 -1.280765390486691968e-01 8.842999495810437427e-01
4.160644075713314932e-02 -1.281222780189125721e-01 8.839984766547092088e-01
4.174475614359687836e-02 -1.281728033140377698e-01 8.836988179008584687e-01
4.190923999313386078e-02 -1.282270206849785155e-01 8.833995105135405979e-01
4.208852915299821085e-02 -1.282821636644707053e-01 8.831015193937887808e-01
4.225652843979232215e-02 -1.283349897298537712e-01 8.828088780322413953e-01
4.239472629945557902e-02 -1.283826269527188202e-01 8.825256626754758305e-01
4.250603933784012634e-02 -1.284250196088562446e-01 8.822524483652874894e-01
4.259705606746084366e-02 -1.284625091429879851e-01 8.819888330264464837e-01
4.268247065264815093e-02 -1.284988666221327513e-01 8.817346828611213327e-01
4.277697995803353415e-02 -1.285393227721672305e-01 8.814862428730667609e-01
4.288359404298005412e-02 -1.285814219101366895e-01 8.812424929077395941e-01
4.299438981711798530e-02 -1.286248239086764944e-01 8.810073636093969096e-01
4.309594915727023995e-02 -1.286697416663592775e-01 8.807799751356768514e-01
4.318342748225262318e-02 -1.287134016396849490e-01 8.805588950198041109e-01
4.327017567971853940e-02 -1.287547818273389044e-01 8.803443352629574115e-01
