0.000000000000000000e+00 0.000000000000000000e+00 0.000000000000000000e+00
5.034098879504910612e-02 -1.342466799883364481e-01 8.600463408498713047e-01
5.035301185948682506e-02 -1.342656570152009343e-01 8.600521515409412787e-01
5.036291447991946002e-02 -1.342405335342701789e-01 8.600512035097830355e-01
5.036859813260976398e-02 -1.342565422630509486e-01 8.600521764621599230e-01
5.035853824393043965e-02 -1.342381491372949820e-01 8.600539031570854087e-01
5.035301752764598238e-02 -1.342372813744639182e-01 8.600530739270206837e-01
5.035625333448431884e-02 -1.342357894071943003e-01 8.600512108247092558e-01
5.033123694358265787e-02 -1.342518478371834134e-01 8.600531516797800258e-01
5.033195661094985035e-02 -1.342642099144383261e-01 8.600524163194788185e-01
5.037300363839838924e-02 -1.342690241896179193e-01 8.600561390045159404e-01
5.036850375623077442e-02 -1.342328294863480709e-01 8.600528888073794009e-01
5.035124166276114255e-02 -1.342272478814501846e-01 8.600524245146272673e-01
5.033184494542009002e-02 -1.342714210299425504e-01 8.600529036952885287e-01
5.037116270232294690e-02 -1.342328703277709812e-01 8.600537779468871991e-01
5.038291769273395976e-02 -1.342635141171945601e-01 8.600582810985106796e-01
5.036717780864712751e-02 -1.342884361294831297e-01 8.600600989950533126e-01
5.031954293202989953e-02 -1.342594890900259408e-01 8.600569929604300334e-01
5.032783054212031787e-02 -1.342205533702300058e-01 8.600570604572432831e-01
5.033921926466333741e-02 -1.342130868147785594e-01 8.600602793645910626e-01
5.033662120628806802e-02 -1.342156883709690884e-01 8.600618073210896108e-01
5.035387242148301606e-02 -1.342107121479785559e-01 8.600585413224245412e-01
5.033180291080870811e-02 -1.342135554638755890e-01 8.600618501459782461e-01
5.034614418466476504e-02 -1.342139757971062552e-01 8.600590000801764390e-01
5.038005586974874522e-02 -1.342462748065658962e-01 8.600591864590935165e-01
5.033784150296473359e-02 -1.342764730135592721e-01 8.600571728568600083e-01
5.031285828914829755e-02 -1.342428399162587382e-01 8.600572602750764517e-01
5.035603811948182601e-02 -1.342217057599887076e-01 8.600576828350716685e-01
5.037906202708130471e-02 -1.342741437387174885e-01 8.600565115252952753e-01
5.033484070668790139e-02 -1.342385732445042501e-01 8.600551432921857975e-01
5.037698803081561844e-02 -1.342673623759386425e-01 8.600548769541178640e-01
5.033180833618552258e-02 -1.342795226083886850e-01 8.600565069694381393e-01
5.035157056867707592e-02 -1.342245088122111241e-01 8.600557200039966599e-01
5.033995161230310489e-02 -1.342791485419044806e-01 8.600549605971191669e-01
5.033836642238311010e-02 -1.342210176995787818e-01 8.600537154299148224e-01
5.038745217425774636e-02 -1.342461529286157196e-01 8.600566191901316548e-01
5.035879442278032997e-02 -1.342898727232359202e-01 8.600577023206246174e-01
5.031642918505500883e-02 -1.342592080913337649e-01 8.600567804309086073e-01
5.036602062450483419e-02 -1.342183194695340809e-01 8.600549977534760471e-01
5.038264242393518388e-02 -1.342712818515097162e-01 8.600573403475589851e-01
5.032517925492688976e-02 -1.342692686401500690e-01 8.600569655640102340e-01
5.034432953152467166e-02 -1.342218553400493786e-01 8.600566484627630848e-01
5.037108478915512666e-02 -1.342219368865583962e-01 8.600592039210910311e-01
5.037769807848029024e-02 -1.342726215677766399e-01 8.600587850623911956e-01
5.031919749661828423e-02 -1.342574332351169908e-01 8.600560224632328721e-01
5.037287940580863210e-02 -1.342580957128552688e-01 8.600560146484860224e-01
5.033477744844524343e-02 -1.342346390268955858e-01 8.600548210216603096e-01
5.038401113607030024e-02 -1.342470496835340699e-01 8.600564890144809516e-01
5.034156685188165975e-02 -1.342747536662897145e-01 8.600583090962382604e-01
5.037876420827919893e-02 -1.342444832872276284e-01 8.600543647895055877e-01
5.033578959379709367e-02 -1.342816465966009398e-01 8.600566669776741335e-01
5.031719442535213110e-02 -1.342421429577159153e-01 8.600586625902973958e-01
5.037929127984574346e-02 -1.342464961081044628e-01 8.600573964997524357e-01
5.033034915874690096e-02 -1.342533623112368846e-01 8.600552088275543738e-01
5.036336303448292473e-02 -1.342780610566865207e-01 8.600549246096430567e-01
5.032977054484336077e-02 -1.342367476696155193e-01 8.600552013931154205e-01
5.037082226053239686e-02 -1.342739407148739461e-01 8.600556158354485392e-01
5.033751243049525842e-02 -1.342332000724543728e-01 8.600552657507238852e-01
5.034277694713901879e-02 -1.342806119886696126e-01 8.600541327867504693e-01
5.034321226641656766e-02 -1.342223355186335232e-01 8.600547127091111577e-01
5.037541228770163471e-02 -1.342704679283187874e-01 8.600568896319626955e-01
5.033726413059099597e-02 -1.342353723384774045e-01 8.600552196010984307e-01
5.032856660380818914e-02 -1.342461863514956277e-01 8.600523687048556853e-01
5.035094274933521463e-02 -1.342777687503184936e-01 8.600554858704593242e-01
5.035373423900008083e-02 -1.342249892884924689e-01 8.600535936047176699e-01
5.037572209135491447e-02 -1.342249527339705872e-01 8.600585860540064242e-01
5.037481558830856493e-02 -1.342790879266326232e-01 8.600581411433450008e-01
5.033644022564998793e-02 -1.342778343486230042e-01 8.600575787970001773e-01
5.032114351461981078e-02 -1.342448522460858162e-01 8.600588673292213215e-01
5.037342077131078122e-02 -1.342455747539084143e-01 8.600579875011060693e-01
5.032136918772748407e-02 -1.342536192128687411e-01 8.600546693507833407e-01
5.034124940657672131e-02 -1.342207782091750790e-01 8.600567998647875578e-01
5.037173876284276042e-02 -1.342281975917549719e-01 8.600588374647468726e-01
5.037366583694343619e-02 -1.342756517700486041e-01 8.600582512233745369e-01
5.033257218518828735e-02 -1.342843030592758002e-01 8.600582847170494816e-01
5.031714073766457157e-02 -1.342653236238768033e-01 8.600601555614491023e-01
5.033705483918225060e-02 -1.342235393451698677e-01 8.600567901225384393e-01
5.038393879226294586e-02 -1.342431260568955897e-01 8.600575219334352095e-01
5.038703695284661721e-02 -1.342593875063599895e-01 8.600597489055303857e-01
5.039368270700544938e-02 -1.342495546602940903e-01 8.600612051491507426e-01
5.038282540716620267e-02 -1.342580771600642986e-01 8.600615019715297516e-01
5.038899301318932461e-02 -1.342741561215961832e-01 8.600610415604262871e-01
5.039152148685287214e-02 -1.342648000104674222e-01 8.600619013258683498e-01
5.038688526319615862e-02 -1.342568770980171744e-01 8.600625833974127055e-01
5.038293397021882669e-02 -1.342825160236426896e-01 8.600593055507034235e-01
5.037216034524704539e-02 -1.342849062904315216e-01 8.600606887575994453e-01
5.037917263282390423e-02 -1.342851977077734460e-01 8.600620533304994542e-01
5.035721631582793650e-02 -1.342913011286795966e-01 8.600611285362251834e-01
5.033788801428643045e-02 -1.342842577001925886e-01 8.600603880421089364e-01
5.031768612238204930e-02 -1.342432624092997906e-01 8.600567324999905949e-01
5.037089306213451273e-02 -1.342280964718995939e-01 8.600578316947146140e-01
5.034689227311712340e-02 -1.342753677718515060e-01 8.600570215326722723e-01
5.037824463408187292e-02 -1.342583483191522320e-01 8.600547014107587929e-01
5.033694674014474457e-02 -1.342374255018889406e-01 8.600545545281516047e-01
5.033567986124320992e-02 -1.342410236428414061e-01 8.600524944984740960e-01
5.033640487486366194e-02 -1.342627694528721605e-01 8.600530706419677873e-01
5.034995740093916455e-02 -1.342764071747066523e-01 8.600522876452687537e-01
5.036606284872108957e-02 -1.342696197787840440e-01 8.600546390640687600e-01
5.034627569877221653e-02 -1.342688552570630856e-01 8.600143024733605257e-01
5.042565447180515081e-02 -1.341846237677448428e-01 8.599016299712193279e-01
5.048276507811178676e-02 -1.341885815608084009e-01 8.598527607917076931e-01
5.052007611646558427e-02 -1.342097084152561737e-01 8.598677583026683724e-01
5.047811514859544546e-02 -1.342072340043151957e-01 8.600603295257657210e-01
5.048776656596738743e-02 -1.342106655994238507e-01 8.600527418448832284e-01
5.050629667332236228e-02 -1.342008586067204301e-01 8.600532647479973702e-01
5.048264779736420099e-02 -1.341675571044463333e-01 8.600539635576396336e-01
5.047730827876104748e-02 -1.342178571936998022e-01 8.600553791306529972e-01
5.048689314222621488e-02 -1.341634014829698185e-01 8.600548938516848763e-01
5.047794183920639721e-02 -1.342217592227460676e-01 8.600546693750749094e-01
5.048180784312288755e-02 -1.341678423368200257e-01 8.600561796670107562e-01
5.046689860093988428e-02 -1.341873005826631216e-01 8.600533661563225518e-01
5.047124133919175110e-02 -1.342086671030935374e-01 8.600526467188823743e-01
5.048360623975194778e-02 -1.342087493167364032e-01 8.600546993433656473e-01
5.050422256214461003e-02 -1.342037077355967001e-01 8.600539985362681827e-01
5.050780635396073109e-02 -1.341937845506948890e-01 8.600538064032403618e-01
5.046459546344746888e-02 -1.341788596622915664e-01 8.600538632684974205e-01
5.047106968780702002e-02 -1.341994309722771006e-01 8.600550163050401098e-01
5.046817769581583152e-02 -1.341895234357474431e-01 8.600536444986820461e-01
5.047127196686437833e-02 -1.342134282881918828e-01 8.600529874362572436e-01
5.050622621076179819e-02 -1.341957714137818336e-01 8.600560281827701603e-01
5.045699898715423626e-02 -1.341933283861957149e-01 8.600559929340730880e-01
5.050418732149144357e-02 -1.342025459181530045e-01 8.600560289148078130e-01
5.050252796085544227e-02 -1.342012412158103685e-01 8.600537379905277557e-01
5.050411294490213948e-02 -1.341874614885975869e-01 8.600526364948487545e-01
5.047102047104498612e-02 -1.341706125936373006e-01 8.600536866884062048e-01
5.046825747412265334e-02 -1.342121375846796749e-01 8.600541948602052900e-01
5.050498125223176760e-02 -1.341819261998888069e-01 8.600554840093388442e-01
5.045798727526704108e-02 -1.341935929166037655e-01 8.600559709067512326e-01
5.051345175055231562e-02 -1.341905942223272918e-01 8.600555627468011721e-01
5.045212973729980288e-02 -1.341952023111065984e-01 8.600543921239278689e-01
5.049592878361731929e-02 -1.341603822386159273e-01 8.600566111962385518e-01
5.050481000638760293e-02 -1.342217714689151464e-01 8.600579520308462289e-01
5.047851487140878057e-02 -1.342294753133774776e-01 8.600596569149928650e-01
5.045641052699251228e-02 -1.342040018397455958e-01 8.600585381751872927e-01
5.044151225062352972e-02 -1.341801438337306140e-01 8.600579801536634150e-01
5.046224922632031734e-02 -1.341656898855128066e-01 8.600582095481730249e-01
5.045767304830464650e-02 -1.341642928352154707e-01 8.600600815289126677e-01
5.048578393952608823e-02 -1.341538130113083538e-01 8.600589596131820169e-01
5.051450353591364212e-02 -1.341699012463001550e-01 8.600570361041808276e-01
5.050964384595234280e-02 -1.342039993586269797e-01 8.600593852431971387e-01
5.046145801435900080e-02 -1.342018177163363524e-01 8.600568968804837011e-01
5.051169591042256601e-02 -1.341990367088477520e-01 8.600550470510563983e-01
5.046500997294017798e-02 -1.342260056515217626e-01 8.600557229265172188e-01
5.045455916094732096e-02 -1.342059937181007967e-01 8.600593222722973108e-01
5.043972207703564803e-02 -1.342096417941779918e-01 8.600589998150268700e-01
5.045834744053589310e-02 -1.342313820040618166e-01 8.600620488456521828e-01
5.049183218457394678e-02 -1.342347771384700961e-01 8.600652120218645891e-01
5.050419679573971143e-02 -1.342287992247168382e-01 8.600617602258293637e-01
5.052357281062726940e-02 -1.342087215307030124e-01 8.600641186693767093e-01
5.052440199335339610e-02 -1.341888272370861668e-01 8.600635936557395889e-01
5.050842151870992697e-02 -1.342262281641071475e-01 8.600596926228387673e-01
5.049895359564587904e-02 -1.342200588577963372e-01 8.600609488740036390e-01
5.048109674902932775e-02 -1.342267219936209288e-01 8.600606154635553890e-01
5.046366291376423729e-02 -1.341710953647585469e-01 8.600573047345021482e-01
5.049559275776570322e-02 -1.342122991527198994e-01 8.600568115834600347e-01
5.045752719773411582e-02 -1.341822954702335535e-01 8.600562554316558694e-01
5.050991991465170888e-02 -1.341702217646658923e-01 8.600567524250407603e-01
5.052172887071750690e-02 -1.342069672090508980e-01 8.600589199113970462e-01
5.049254728134919268e-02 -1.342244818570045850e-01 8.600592679195887547e-01
5.045654525523182027e-02 -1.342049647049189387e-01 8.600586029651944298e-01
5.050260562425348820e-02 -1.341785818869357383e-01 8.600553751692890936e-01
5.045831691817669745e-02 -1.342056322433810012e-01 8.600556456457431054e-01
