0.000000000000000000e+00 0.000000000000000000e+00 0.000000000000000000e+00
9.215989114920784819e-02 -8.494071782246521984e-02 8.707157250641797130e-01
9.193056610833853781e-02 -8.468625370959471932e-02 8.708866223904827564e-01
9.118942027234169800e-02 -8.390493578880379999e-02 8.713991414624466803e-01
8.998058975423284256e-02 -8.264082467534676624e-02 8.722407270164900250e-01
8.846561167840685802e-02 -8.098117014939509861e-02 8.734679533050481171e-01
8.692885806364200607e-02 -7.906727853163146580e-02 8.751663983838792182e-01
8.562327423989168906e-02 -7.703526231385988965e-02 8.774076669200060463e-01
8.453622929560018762e-02 -7.491442067196983634e-02 8.801922834027610110e-01
8.377088106862948247e-02 -7.278915854748864434e-02 8.835188188458757974e-01
8.357269144082751788e-02 -7.080157219806876290e-02 8.873804633802392372e-01
8.388248149726440506e-02 -6.897242955773712214e-02 8.917468165669139024e-01
8.449751903165925171e-02 -6.727053002629181100e-02 8.966011412307773876e-01
8.540499574687726581e-02 -6.573343863579257651e-02 9.019091378380532653e-01
8.674386786308484198e-02 -6.446107646886960196e-02 9.076070097401718328e-01
8.852315709560482082e-02 -6.350579078982249159e-02 9.136283459440437404e-01
9.059153007033213245e-02 -6.284386911952583032e-02 9.199507859426385714e-01
9.283786477439306961e-02 -6.246014543601648150e-02 9.265563933139830954e-01
9.526346493298401552e-02 -6.238688399086344399e-02 9.334009011210904205e-01
9.804282090954469231e-02 -6.276117186839694218e-02 9.403712703077306001e-01
1.013613810006279842e-01 -6.375469843512607260e-02 9.473081642523666357e-01
1.051254500689756122e-01 -6.538174943335062217e-02 9.541210168259388613e-01
1.091157841334390172e-01 -6.756117588526955320e-02 9.607616770571387743e-01
1.131356006776309542e-01 -7.019198756446205778e-02 9.671955117148531844e-01
1.170010851293458720e-01 -7.313336536746893601e-02 9.734573963652844997e-01
1.205848835690926657e-01 -7.625866358110207355e-02 9.796036821180280629e-01
1.238329436744989159e-01 -7.948697236949536782e-02 9.856642571467465475e-01
1.267414761333403028e-01 -8.277878905903503226e-02 9.916406932851241640e-01
1.293363857246240534e-01 -8.612025666740086294e-02 9.975134251859804069e-01
1.316155261406170840e-01 -8.947190465394599945e-02 1.003298468209548266e+00
1.336081138754943720e-01 -9.281974268777934411e-02 1.008987801793664874e+00
1.353663336870022105e-01 -9.616902018943487840e-02 1.014552482477923068e+00
1.369740276069797147e-01 -9.951244871787474910e-02 1.019951053635334226e+00
1.384738095431926330e-01 -1.028312716458922305e-01 1.025155419797639356e+00
1.398123158981949277e-01 -1.060715620139338483e-01 1.030196685737776674e+00
1.409766000372675854e-01 -1.092054713170651364e-01 1.035081260731266273e+00
1.419975381377343859e-01 -1.122308641527209189e-01 1.039794342080181400e+00
1.429021806497591807e-01 -1.151422651463511332e-01 1.044323606378515956e+00
1.436484846820397787e-01 -1.178912249603054629e-01 1.048707100506488299e+00
1.442406107323603304e-01 -1.204640003804991200e-01 1.052955184532865296e+00
1.447147826876847010e-01 -1.228756681801704276e-01 1.057061952665831805e+00
1.451022874131976392e-01 -1.251299909019978063e-01 1.061025885233481514e+00
1.454341194976673524e-01 -1.272319945386095885e-01 1.064841503889411900e+00
1.457251777491735123e-01 -1.291793698690032188e-01 1.068508577414269078e+00
1.459932723317739212e-01 -1.309749323810938670e-01 1.072021825306644471e+00
1.462511033576542052e-01 -1.326199387000295826e-01 1.075375649698396385e+00
1.464969994412328447e-01 -1.341072718586071022e-01 1.078569150118650732e+00
1.467156311881722686e-01 -1.354201309849189516e-01 1.081608648681872786e+00
1.468972030689912334e-01 -1.365462730711899109e-01 1.084500876292468607e+00
1.470031422885796635e-01 -1.374470811470679954e-01 1.087273153434057615e+00
1.470046448976238818e-01 -1.380871876589822855e-01 1.089967665320322077e+00
1.469468309799183137e-01 -1.384838726445136448e-01 1.092616754060745654e+00
1.468933916382776372e-01 -1.386889739256139398e-01 1.095213073334149190e+00
1.468555829642291533e-01 -1.387131252208036181e-01 1.097757331065133624e+00
1.467787089772437936e-01 -1.385151838529277979e-01 1.100270525502067720e+00
1.466798558137363540e-01 -1.381190545558625971e-01 1.102751601773527268e+00
1.466146556327606876e-01 -1.375855267127680526e-01 1.105188956917259269e+00
1.465973439282734214e-01 -1.369387357719819842e-01 1.107576412153949086e+00
1.465729331023385151e-01 -1.361407788893963799e-01 1.109920387545481502e+00
1.465292442817869301e-01 -1.351897656799393999e-01 1.112228736386704497e+00
1.464923739731139041e-01 -1.341403824320937799e-01 1.114475804961269079e+00
1.464571001310396858e-01 -1.330195673271505341e-01 1.116633582945597780e+00
1.463848972322241426e-01 -1.317802226784117736e-01 1.118734006795171210e+00
1.462623090727692976e-01 -1.303971969296776889e-01 1.120813690244002903e+00
1.461343218221709261e-01 -1.289388454634320114e-01 1.122860244475935243e+00
1.460250991341991711e-01 -1.274745445675558586e-01 1.124832465324489217e+00
1.458968503439771192e-01 -1.259812723337777329e-01 1.126729259530010685e+00
1.457129692801877319e-01 -1.244042763939726404e-01 1.128591074749785594e+00
1.454681345870602327e-01 -1.227321418083702487e-01 1.130444688484251392e+00
1.451777916351967013e-01 -1.209962830912316017e-01 1.132290346396006120e+00
1.448902912248721531e-01 -1.192684133845142297e-01 1.134117496970608041e+00
1.446162753758850339e-01 -1.175737653659876397e-01 1.135922019167962649e+00
1.443371873519300741e-01 -1.159215989921885959e-01 1.137686019546647165e+00
1.440558879762760813e-01 -1.143537185325753519e-01 1.139375876620781769e+00
1.437446817866884219e-01 -1.128276527485777697e-01 1.141016956833531992e+00
1.434109044226257179e-01 -1.113394021223962221e-01 1.142632148138576609e+00
1.430678224254018915e-01 -1.099374783216412466e-01 1.144188447787986451e+00
1.426959709517989783e-01 -1.085896322420892152e-01 1.145708885132294963e+00
1.423089844822888472e-01 -1.072975968586314388e-01 1.147215468902314850e+00
1.419278305173533317e-01 -1.061108813425867825e-01 1.148678587431158471e+00
1.415395838946735263e-01 -1.050198088533531859e-01 1.150099555452765765e+00
1.411454861650727199e-01 -1.040235314703290143e-01 1.151484491642947861e+00
1.407483203142593231e-01 -1.031308372178274813e-01 1.152827777276306698e+00
1.403485872541211932e-01 -1.023378276378570234e-01 1.154136236518527703e+00
1.399477415406485681e-01 -1.016436119361231044e-01 1.155412922454513991e+00
1.395465637773589396e-01 -1.010462510758290966e-01 1.156661333533049341e+00
1.391285374047428192e-01 -1.005208914973253348e-01 1.157899675267735073e+00
1.386821254863875308e-01 -1.000526258939416074e-01 1.159139871543688249e+00
1.382300795195121057e-01 -9.966397688089546902e-02 1.160376590760258564e+00
1.377926267113267766e-01 -9.937294438339903946e-02 1.161604403784966877e+00
1.373651111648640233e-01 -9.917300655198857395e-02 1.162824812176763034e+00
1.369340261979295204e-01 -9.904965169206236819e-02 1.164042217090787368e+00
1.365094735481748034e-01 -9.900526449071798962e-02 1.165252850050225719e+00
1.361041569720417288e-01 -9.903726059666494164e-02 1.166449556418439615e+00
1.357071504953835384e-01 -9.913519141652646360e-02 1.167626015885617097e+00
1.353065590429003706e-01 -9.928271017850960611e-02 1.168791105666677987e+00
1.348880617400966264e-01 -9.946217660645920167e-02 1.169958866450845791e+00
1.344424168998024083e-01 -9.966451397238688947e-02 1.171135938624244366e+00
1.339858175543749419e-01 -9.989911740132220719e-02 1.172320046891425216e+00
1.335312932736886504e-01 -1.001721650381749151e-01 1.173508571876938911e+00
1.330638258461657730e-01 -1.004704073339550974e-01 1.174708849083541340e+00
1.325829767993025599e-01 -1.007967110565247681e-01 1.175922162183786090e+00
1.321032339696641134e-01 -1.011571792918680157e-01 1.177145542644623788e+00
1.316563538343292483e-01 -1.015617119139191893e-01 1.178368701210206204e+00
1.312301225694297302e-01 -1.019968034032345122e-01 1.179593527188198765e+00
1.307883897465673406e-01 -1.024426083270016663e-01 1.180830341663732019e+00
1.303337966280612437e-01 -1.029045845282129529e-01 1.182077581599380922e+00
1.298721366896820328e-01 -1.033823639297976604e-01 1.183334380998481983e+00
1.294173206883758309e-01 -1.038766411334358236e-01 1.184596306562834656e+00
1.289854301116396262e-01 -1.043870096540235048e-01 1.185856289014521670e+00
1.285685805507813251e-01 -1.049071145313164866e-01 1.187114463887267490e+00
1.281557402818535030e-01 -1.054311023611317483e-01 1.188372230342456870e+00
1.277518865281462301e-01 -1.059571362128260419e-01 1.189625386967534393e+00
1.273568801563216280e-01 -1.064817838943025730e-01 1.190872091889440654e+00
1.269666552436172768e-01 -1.070013072780715002e-01 1.192112155645947080e+00
1.265789989397478332e-01 -1.075124830095865319e-01 1.193345080713366757e+00
1.261915941998773549e-01 -1.080127647866782614e-01 1.194570925983690524e+00
1.258256977800931153e-01 -1.085052282267309903e-01 1.195771146516781736e+00
1.254840140635971601e-01 -1.089868999127809879e-01 1.196908598856003980e+00
1.251594780045182376e-01 -1.094495386538848203e-01 1.197985917604411865e+00
1.248459080113155234e-01 -1.098857496011166335e-01 1.199027127937218218e+00
1.245405155089078647e-01 -1.102921883588114799e-01 1.200045915742259384e+00
1.242460337157044320e-01 -1.106684187795755753e-01 1.201032947302321130e+00
1.239623251128159354e-01 -1.110131667837302577e-01 1.201987964236909123e+00
1.236907382031388614e-01 -1.113263484718958751e-01 1.202907506222329337e+00
1.234286561373490326e-01 -1.116059605529366311e-01 1.203793952010483892e+00
1.231668167528455621e-01 -1.118489793241652375e-01 1.204664577828294059e+00
1.229113983046693365e-01 -1.120587383322161207e-01 1.205515695883898619e+00
1.226692463541427663e-01 -1.122379388945698026e-01 1.206342644567604871e+00
1.224350154600385016e-01 -1.123851765098835276e-01 1.207147307524029323e+00
1.221984580012236560e-01 -1.124970087693519805e-01 1.207934965581820119e+00
1.219560713922513834e-01 -1.125738685869316913e-01 1.208708554111002309e+00
1.217095497393281545e-01 -1.126176012809615018e-01 1.209468399559006757e+00
1.214591788765702896e-01 -1.126300531330074184e-01 1.210216346338078841e+00
1.212055672659446276e-01 -1.126123793132667583e-01 1.210953483007387588e+00
1.209504751983186965e-01 -1.125670608871715550e-01 1.211680787437685591e+00
1.206915542020857712e-01 -1.124933656813191518e-01 1.212400465782030867e+00
1.204281365065965892e-01 -1.123927965774708382e-01 1.213114631594930826e+00
1.201666449959476191e-01 -1.122702044999302484e-01 1.213821504558229458e+00
1.199014338011246128e-01 -1.121342300026253735e-01 1.214524390798881193e+00
1.196294089321680160e-01 -1.119855174148073063e-01 1.215225688267526527e+00
1.193481289718074656e-01 -1.118210122858479955e-01 1.215928130939121665e+00
1.190625589118973482e-01 -1.116460413735577972e-01 1.216631114092712185e+00
1.187795769111469751e-01 -1.114679773688774939e-01 1.217332969670713361e+00
1.185037740313711341e-01 -1.112914699033111382e-01 1.218031992268841401e+00
1.182367087782662390e-01 -1.111173805157268102e-01 1.218726889999396823e+00
1.179807592031735103e-01 -1.109477060515974833e-01 1.219415340382734358e+00
1.177290146398301124e-01 -1.107749548930346967e-01 1.220099083395598027e+00
1.174811725645922705e-01 -1.105984211918214360e-01 1.220777005077194666e+00
1.172394200706158157e-01 -1.104205378503557433e-01 1.221446975708546434e+00
1.169964287335055891e-01 -1.102335508624859572e-01 1.222112031797413456e+00
1.167529777445300149e-01 -1.100387542064129448e-01 1.222771286824908099e+00
1.165078420411715249e-01 -1.098353567754205840e-01 1.223425240190875618e+00
1.162579198183439633e-01 -1.096204659184642077e-01 1.224075810324261715e+00
1.160109221046112526e-01 -1.094036386947422057e-01 1.224718677885121787e+00
1.157706567181288476e-01 -1.091894756222776125e-01 1.225351444930480316e+00
1.155363289909727975e-01 -1.089774505280639155e-01 1.225973460006203997e+00
1.153089434551506504e-01 -1.087689331247256308e-01 1.226582860645722528e+00
1.150854834637663193e-01 -1.085608045155202206e-01 1.227180272587588439e+00
1.148602596002619297e-01 -1.083470098015005406e-01 1.227768494887428341e+00
1.146331366162455789e-01 -1.081280199285187676e-01 1.228347540630931656e+00
1.144049328679538902e-01 -1.079054054250609407e-01 1.228917102583006793e+00
1.141769813109640153e-01 -1.076813959441665219e-01 1.229476600545896581e+00
1.139537799799189427e-01 -1.074616604714236506e-01 1.230023324517940830e+00
1.137384234435881020e-01 -1.072499970181628598e-01 1.230554938058463943e+00
1.135281221973157006e-01 -1.070433948521620493e-01 1.231072370120403603e+00
1.133161299436215436e-01 -1.068342095133136688e-01 1.231579444902756393e+00
1.131022906065197592e-01 -1.066226342411772665e-01 1.232076549620619632e+00
1.128890828672144270e-01 -1.064120461967687920e-01 1.232562644383788042e+00
1.126767792897582776e-01 -1.062031359119358642e-01 1.233038034313442610e+00
1.124664280098050667e-01 -1.059975904817762743e-01 1.233502346619258949e+00
1.122600096738106540e-01 -1.057979920250393807e-01 1.233954604752975470e+00
1.120588050203489006e-01 -1.056057895065418001e-01 1.234394130551629720e+00
1.118622343246932493e-01 -1.054200647307918792e-01 1.234821245688586755e+00
1.116677221713201634e-01 -1.052377323156512973e-01 1.235237489391530774e+00
1.114719411278902172e-01 -1.050550325374951521e-01 1.235645176062597717e+00
1.112751132296139478e-01 -1.048724579030859555e-01 1.236044887573942042e+00
1.110836056414199885e-01 -1.046976145374832329e-01 1.236433681860257705e+00
1.109021100162672635e-01 -1.045358487256354413e-01 1.236808989625624022e+00
1.107297445788187062e-01 -1.043856788640680350e-01 1.237170745019802842e+00
1.105651707902127467e-01 -1.042450670644871208e-01 1.237518965805273874e+00
1.104069453322713279e-01 -1.041120180185710620e-01 1.237853966329287347e+00
1.102547962476568000e-01 -1.039859831739820689e-01 1.238175601185540042e+00
1.101074481275917533e-01 -1.038653317516999158e-01 1.238484591510131905e+00
1.099616753483580317e-01 -1.037464564549838569e-01 1.238783178760370918e+00
1.098175282135237796e-01 -1.036295889364143158e-01 1.239071915148171721e+00
1.096776777547969622e-01 -1.035179031693442969e-01 1.239349880934339510e+00
1.095428337853610878e-01 -1.034123016179933768e-01 1.239617120508020864e+00
1.094119203393290468e-01 -1.033112398783231217e-01 1.239874707967935752e+00
